20QBT_45CYC_.1D1_.4D2_6.qasm 270 193 77 17.33114266395569 90 52 180 141 450 334
20QBT_45CYC_.3D1_.1D2_9.qasm 315 72 243 3.04836106300354 270 36 45 36 360 108
20QBT_45CYC_.0D1_.6D2_1.qasm 270 180 90 66.95140480995178 0 0 270 180 540 360
20QBT_45CYC_.0D1_.1D2_1.qasm 45 26 19 0.6519668102264404 0 0 45 26 90 52
20QBT_45CYC_.0D1_.6D2_5.qasm 270 158 112 50.202186822891235 0 0 270 158 540 316
20QBT_45CYC_.2D1_.6D2_7.qasm 450 285 165 31.743353366851807 180 90 270 195 720 480
20QBT_45CYC_.0D1_.2D2_3.qasm 90 54 36 11.75687289237976 0 0 90 54 180 108
20QBT_45CYC_.0D1_.2D2_6.qasm 90 53 37 9.412335634231567 0 0 90 53 180 106
20QBT_45CYC_.3D1_.2D2_2.qasm 360 130 230 9.16519045829773 270 60 90 70 450 200
20QBT_45CYC_.0D1_.3D2_0.qasm 135 82 53 24.916619300842285 0 0 135 82 270 164
20QBT_45CYC_.7D1_.1D2_0.qasm 675 79 596 6.876313209533691 630 40 45 39 720 118
20QBT_45CYC_.0D1_.5D2_0.qasm 225 122 103 46.19037127494812 0 0 225 122 450 244
20QBT_45CYC_.5D1_.2D2_7.qasm 540 149 391 9.501954078674316 450 68 90 81 630 230
20QBT_45CYC_.2D1_.2D2_4.qasm 270 138 132 10.505348205566406 180 62 90 76 360 214
20QBT_45CYC_.1D1_.7D2_7.qasm 405 263 142 45.575597286224365 90 52 315 211 720 474
20QBT_45CYC_.1D1_.5D2_7.qasm 315 213 102 29.806169748306274 90 48 225 165 540 378
20QBT_45CYC_.1D1_.5D2_0.qasm 315 208 107 27.343785047531128 90 54 225 154 540 362
20QBT_45CYC_.4D1_.4D2_4.qasm 540 246 294 13.348232507705688 360 102 180 144 720 390
20QBT_45CYC_.3D1_.1D2_2.qasm 315 67 248 3.3961293697357178 270 38 45 29 360 96
20QBT_45CYC_.4D1_.4D2_6.qasm 540 225 315 21.643834829330444 360 88 180 137 720 362
20QBT_45CYC_.4D1_.4D2_3.qasm 540 215 325 15.756679058074951 360 90 180 125 720 340
20QBT_45CYC_.0D1_.5D2_3.qasm 225 140 85 51.48909330368042 0 0 225 140 450 280
20QBT_45CYC_.2D1_.6D2_6.qasm 450 279 171 29.082428216934204 180 92 270 187 720 466
20QBT_45CYC_.2D1_.6D2_2.qasm 450 264 186 22.332931518554688 180 82 270 182 720 446
20QBT_45CYC_.1D1_.1D2_5.qasm 135 66 69 3.360339403152466 90 34 45 32 180 98
20QBT_45CYC_.2D1_.2D2_7.qasm 270 121 149 10.65206789970398 180 44 90 77 360 198
20QBT_45CYC_.7D1_.1D2_1.qasm 675 78 597 6.022047281265259 630 40 45 38 720 116
20QBT_45CYC_.3D1_.2D2_6.qasm 360 118 242 6.269971132278442 270 44 90 74 450 192
20QBT_45CYC_.1D1_.6D2_6.qasm 360 242 118 36.64591026306152 90 58 270 184 630 426
20QBT_45CYC_.0D1_.2D2_8.qasm 90 62 28 9.321877241134644 0 0 90 62 180 124
20QBT_45CYC_.3D1_.4D2_8.qasm 450 254 196 17.40765643119812 270 108 180 146 630 400
20QBT_45CYC_.3D1_.2D2_1.qasm 360 137 223 11.222322940826416 270 60 90 77 450 214
20QBT_45CYC_.0D1_.3D2_4.qasm 135 85 50 16.69699716567993 0 0 135 85 270 170
20QBT_45CYC_.1D1_.6D2_7.qasm 360 238 122 35.115403175354004 90 56 270 182 630 420
20QBT_45CYC_.0D1_.2D2_0.qasm 90 54 36 7.777498722076416 0 0 90 54 180 108
20QBT_45CYC_.3D1_.5D2_0.qasm 495 274 221 17.140827178955078 270 104 225 170 720 444
20QBT_45CYC_.1D1_.6D2_4.qasm 360 226 134 34.51861596107483 90 50 270 176 630 402
20QBT_45CYC_.3D1_.5D2_8.qasm 495 239 256 21.334939002990723 270 86 225 153 720 392
20QBT_45CYC_.2D1_.3D2_7.qasm 315 169 146 14.219653606414795 180 58 135 111 450 280
20QBT_45CYC_.0D1_.7D2_8.qasm 315 181 134 73.84948325157166 0 0 315 181 630 362
20QBT_45CYC_.4D1_.2D2_1.qasm 450 136 314 8.68272089958191 360 62 90 74 540 210
20QBT_45CYC_.5D1_.3D2_7.qasm 585 189 396 13.49991750717163 450 80 135 109 720 298
20QBT_45CYC_.1D1_.2D2_4.qasm 180 128 52 10.95371150970459 90 50 90 78 270 206
20QBT_45CYC_.0D1_.3D2_9.qasm 135 43 92 14.237282037734985 0 0 135 43 270 86
20QBT_45CYC_.2D1_.4D2_4.qasm 360 212 148 17.154338121414185 180 78 180 134 540 346
20QBT_45CYC_.3D1_.3D2_9.qasm 405 198 207 16.8111891746521 270 86 135 112 540 310
20QBT_45CYC_.2D1_.5D2_6.qasm 405 267 138 23.431686401367188 180 98 225 169 630 436
20QBT_45CYC_.2D1_.2D2_3.qasm 270 114 156 7.279320955276489 180 50 90 64 360 178
20QBT_45CYC_.0D1_.6D2_8.qasm 270 152 118 48.36987495422363 0 0 270 152 540 304
20QBT_45CYC_.4D1_.3D2_2.qasm 495 188 307 13.467302083969116 360 76 135 112 630 300
20QBT_45CYC_.5D1_.3D2_1.qasm 585 197 388 13.046515941619873 450 88 135 109 720 306
20QBT_45CYC_.1D1_.5D2_5.qasm 315 223 92 29.187257528305054 90 60 225 163 540 386
20QBT_45CYC_.0D1_.3D2_7.qasm 135 78 57 19.679848432540894 0 0 135 78 270 156
20QBT_45CYC_.5D1_.3D2_2.qasm 585 186 399 13.425246477127075 450 78 135 108 720 294
20QBT_45CYC_.0D1_.8D2_3.qasm 360 192 168 80.57529711723328 0 0 360 192 720 384
20QBT_45CYC_.7D1_.1D2_2.qasm 675 69 606 6.6976847648620605 630 34 45 35 720 104
20QBT_45CYC_.1D1_.3D2_4.qasm 225 160 65 12.43149995803833 90 48 135 112 360 272
20QBT_45CYC_.2D1_.4D2_8.qasm 360 206 154 18.8623526096344 180 70 180 136 540 342
20QBT_45CYC_.1D1_.7D2_1.qasm 405 245 160 39.48376131057739 90 60 315 185 720 430
20QBT_45CYC_.2D1_.2D2_5.qasm 270 128 142 8.068085670471191 180 54 90 74 360 202
20QBT_45CYC_.3D1_.3D2_2.qasm 405 201 204 12.494458675384521 270 90 135 111 540 312
20QBT_45CYC_.3D1_.4D2_7.qasm 450 231 219 17.372356414794922 270 96 180 135 630 366
20QBT_45CYC_.2D1_.5D2_7.qasm 405 249 156 24.466910362243652 180 84 225 165 630 414
20QBT_45CYC_.0D1_.6D2_4.qasm 270 168 102 52.75080418586731 0 0 270 168 540 336
20QBT_45CYC_.1D1_.1D2_3.qasm 135 56 79 2.4987943172454834 90 24 45 32 180 88
20QBT_45CYC_.0D1_.2D2_5.qasm 90 54 36 11.624077558517456 0 0 90 54 180 108
20QBT_45CYC_.5D1_.2D2_3.qasm 540 160 380 11.945708751678467 450 78 90 82 630 242
20QBT_45CYC_.2D1_.1D2_0.qasm 225 66 159 3.2227783203125 180 32 45 34 270 100
20QBT_45CYC_.0D1_.6D2_9.qasm 270 180 90 66.8319742679596 0 0 270 180 540 360
20QBT_45CYC_.2D1_.3D2_5.qasm 315 168 147 9.506523847579956 180 68 135 100 450 268
20QBT_45CYC_.5D1_.2D2_5.qasm 540 144 396 9.557551622390747 450 68 90 76 630 220
20QBT_45CYC_.2D1_.5D2_0.qasm 405 258 147 33.41046476364136 180 82 225 176 630 434
20QBT_45CYC_.1D1_.5D2_8.qasm 315 220 95 38.14257526397705 90 54 225 166 540 386
20QBT_45CYC_.0D1_.4D2_9.qasm 180 102 78 29.99662446975708 0 0 180 102 360 204
20QBT_45CYC_.4D1_.3D2_3.qasm 495 188 307 13.678892135620117 360 72 135 116 630 304
20QBT_45CYC_.0D1_.4D2_1.qasm 180 104 76 30.56024193763733 0 0 180 104 360 208
20QBT_45CYC_.5D1_.2D2_9.qasm 540 147 393 11.058023929595947 450 70 90 77 630 224
20QBT_45CYC_.1D1_.4D2_1.qasm 270 191 79 21.862207651138306 90 52 180 139 450 330
20QBT_45CYC_.2D1_.1D2_8.qasm 225 59 166 3.7624764442443848 180 28 45 31 270 90
20QBT_45CYC_.0D1_.7D2_7.qasm 315 177 138 58.14018201828003 0 0 315 177 630 354
20QBT_45CYC_.5D1_.3D2_4.qasm 585 180 405 16.582334756851196 450 76 135 104 720 284
20QBT_45CYC_.3D1_.3D2_6.qasm 405 191 214 13.194467782974243 270 80 135 111 540 302
20QBT_45CYC_.2D1_.3D2_1.qasm 315 166 149 12.276559114456177 180 68 135 98 450 264
20QBT_45CYC_.5D1_.3D2_6.qasm 585 199 386 16.749536275863647 450 86 135 113 720 312
20QBT_45CYC_.2D1_.1D2_6.qasm 225 79 146 2.718552827835083 180 42 45 37 270 116
20QBT_45CYC_.1D1_.3D2_6.qasm 225 126 99 17.34385371208191 90 36 135 90 360 216
20QBT_45CYC_.6D1_.1D2_1.qasm 585 73 512 6.241457939147949 540 36 45 37 630 110
20QBT_45CYC_.3D1_.1D2_3.qasm 315 66 249 4.358402490615845 270 32 45 34 360 100
20QBT_45CYC_.0D1_.3D2_6.qasm 135 83 52 20.258890390396118 0 0 135 83 270 166
20QBT_45CYC_.1D1_.2D2_1.qasm 180 122 58 6.601987838745117 90 42 90 80 270 202
20QBT_45CYC_.0D1_.1D2_5.qasm 45 15 30 0.35965609550476074 0 0 45 15 90 30
20QBT_45CYC_.3D1_.5D2_7.qasm 495 264 231 28.093565940856934 270 100 225 164 720 428
20QBT_45CYC_.4D1_.3D2_1.qasm 495 160 335 14.514629125595093 360 66 135 94 630 254
20QBT_45CYC_.0D1_.8D2_6.qasm 360 201 159 68.01256513595581 0 0 360 201 720 402
20QBT_45CYC_.5D1_.1D2_9.qasm 495 75 420 4.90234112739563 450 38 45 37 540 112
20QBT_45CYC_.0D1_.5D2_1.qasm 225 121 104 30.334582328796387 0 0 225 121 450 242
20QBT_45CYC_.1D1_.4D2_9.qasm 270 160 110 19.489830255508423 90 46 180 114 450 274
20QBT_45CYC_.4D1_.2D2_7.qasm 450 145 305 10.948410987854004 360 68 90 77 540 222
20QBT_45CYC_.0D1_.4D2_7.qasm 180 114 66 39.66773796081543 0 0 180 114 360 228
20QBT_45CYC_.2D1_.6D2_1.qasm 450 257 193 20.735777854919434 180 82 270 175 720 432
20QBT_45CYC_.1D1_.5D2_1.qasm 315 190 125 33.47433304786682 90 44 225 146 540 336
20QBT_45CYC_.0D1_.4D2_0.qasm 180 107 73 24.739588975906372 0 0 180 107 360 214
20QBT_45CYC_.1D1_.1D2_9.qasm 135 58 77 2.4640517234802246 90 28 45 30 180 88
20QBT_45CYC_.1D1_.3D2_9.qasm 225 142 83 17.502607822418213 90 42 135 100 360 242
20QBT_45CYC_.1D1_.4D2_8.qasm 270 170 100 19.948081254959106 90 46 180 124 450 294
20QBT_45CYC_.1D1_.2D2_0.qasm 180 111 69 6.467060089111328 90 40 90 71 270 182
20QBT_45CYC_.5D1_.3D2_8.qasm 585 184 401 16.85033106803894 450 76 135 108 720 292
20QBT_45CYC_.5D1_.1D2_3.qasm 495 64 431 5.469208240509033 450 30 45 34 540 98
20QBT_45CYC_.0D1_.5D2_6.qasm 225 140 85 41.91763496398926 0 0 225 140 450 280
20QBT_45CYC_.3D1_.5D2_6.qasm 495 246 249 25.4041006565094 270 94 225 152 720 398
20QBT_45CYC_.6D1_.2D2_2.qasm 630 129 501 9.66123342514038 540 54 90 75 720 204
20QBT_45CYC_.3D1_.3D2_4.qasm 405 185 220 12.192121744155884 270 82 135 103 540 288
20QBT_45CYC_.4D1_.4D2_7.qasm 540 236 304 22.128862619400024 360 92 180 144 720 380
20QBT_45CYC_.0D1_.8D2_9.qasm 360 204 156 83.1802716255188 0 0 360 204 720 408
20QBT_45CYC_.6D1_.2D2_3.qasm 630 103 527 9.874336957931519 540 46 90 57 720 160
20QBT_45CYC_.1D1_.3D2_0.qasm 225 145 80 11.188427686691284 90 46 135 99 360 244
20QBT_45CYC_.2D1_.4D2_5.qasm 360 230 130 15.029492139816284 180 82 180 148 540 378
20QBT_45CYC_.2D1_.2D2_9.qasm 270 103 167 6.612327575683594 180 42 90 61 360 164
20QBT_45CYC_.1D1_.7D2_5.qasm 405 265 140 32.880197286605835 90 64 315 201 720 466
20QBT_45CYC_.4D1_.4D2_9.qasm 540 244 296 16.77570676803589 360 110 180 134 720 378
20QBT_45CYC_.7D1_.1D2_9.qasm 675 75 600 7.038552522659302 630 36 45 39 720 114
20QBT_45CYC_.0D1_.4D2_4.qasm 180 109 71 37.72979211807251 0 0 180 109 360 218
20QBT_45CYC_.3D1_.4D2_9.qasm 450 224 226 16.354727268218994 270 96 180 128 630 352
20QBT_45CYC_.2D1_.1D2_4.qasm 225 64 161 3.909536600112915 180 30 45 34 270 98
20QBT_45CYC_.1D1_.2D2_8.qasm 180 104 76 9.76576852798462 90 36 90 68 270 172
20QBT_45CYC_.1D1_.1D2_8.qasm 135 55 80 2.1750528812408447 90 20 45 35 180 90
20QBT_45CYC_.0D1_.8D2_0.qasm 360 218 142 86.53359031677246 0 0 360 218 720 436
20QBT_45CYC_.2D1_.6D2_4.qasm 450 273 177 31.31646966934204 180 82 270 191 720 464
20QBT_45CYC_.2D1_.5D2_3.qasm 405 220 185 27.665154457092285 180 70 225 150 630 370
20QBT_45CYC_.6D1_.2D2_5.qasm 630 144 486 11.946665048599243 540 66 90 78 720 222
20QBT_45CYC_.0D1_.7D2_6.qasm 315 199 116 63.56819725036621 0 0 315 199 630 398
20QBT_45CYC_.7D1_.1D2_6.qasm 675 61 614 6.103669881820679 630 32 45 29 720 90
20QBT_45CYC_.0D1_.4D2_6.qasm 180 95 85 34.495198011398315 0 0 180 95 360 190
20QBT_45CYC_.1D1_.5D2_9.qasm 315 205 110 31.635584354400635 90 58 225 147 540 352
20QBT_45CYC_.2D1_.1D2_3.qasm 225 75 150 4.150461196899414 180 38 45 37 270 112
20QBT_45CYC_.0D1_.5D2_8.qasm 225 156 69 45.70802569389343 0 0 225 156 450 312
20QBT_45CYC_.1D1_.6D2_2.qasm 360 226 134 44.46618700027466 90 48 270 178 630 404
20QBT_45CYC_.3D1_.2D2_8.qasm 360 139 221 10.00187635421753 270 66 90 73 450 212
20QBT_45CYC_.1D1_.6D2_0.qasm 360 239 121 42.661816120147705 90 58 270 181 630 420
20QBT_45CYC_.1D1_.3D2_3.qasm 225 149 76 10.81375765800476 90 50 135 99 360 248
20QBT_45CYC_.2D1_.3D2_4.qasm 315 162 153 12.17222261428833 180 62 135 100 450 262
20QBT_45CYC_.0D1_.5D2_7.qasm 225 150 75 53.65086102485657 0 0 225 150 450 300
20QBT_45CYC_.6D1_.1D2_2.qasm 585 79 506 6.175830841064453 540 42 45 37 630 116
20QBT_45CYC_.4D1_.3D2_9.qasm 495 164 331 15.033551931381226 360 72 135 92 630 256
20QBT_45CYC_.0D1_.2D2_4.qasm 90 54 36 10.331089496612549 0 0 90 54 180 108
20QBT_45CYC_.3D1_.3D2_5.qasm 405 178 227 11.995851516723633 270 78 135 100 540 278
20QBT_45CYC_.0D1_.2D2_7.qasm 90 52 38 7.140155553817749 0 0 90 52 180 104
20QBT_45CYC_.2D1_.1D2_2.qasm 225 54 171 2.984922170639038 180 22 45 32 270 86
20QBT_45CYC_.3D1_.5D2_4.qasm 495 277 218 22.21682596206665 270 108 225 169 720 446
20QBT_45CYC_.0D1_.1D2_8.qasm 45 22 23 0.4840390682220459 0 0 45 22 90 44
20QBT_45CYC_.4D1_.1D2_7.qasm 405 71 334 4.293102264404297 360 36 45 35 450 106
20QBT_45CYC_.2D1_.4D2_6.qasm 360 202 158 18.69113254547119 180 68 180 134 540 336
20QBT_45CYC_.3D1_.5D2_2.qasm 495 264 231 23.637630701065063 270 88 225 176 720 440
20QBT_45CYC_.1D1_.1D2_6.qasm 135 68 67 2.234229326248169 90 34 45 34 180 102
20QBT_45CYC_.1D1_.2D2_2.qasm 180 89 91 7.820319175720215 90 28 90 61 270 150
20QBT_45CYC_.3D1_.1D2_0.qasm 315 78 237 4.29699969291687 270 38 45 40 360 118
20QBT_45CYC_.0D1_.7D2_2.qasm 315 179 136 71.17660474777222 0 0 315 179 630 358
20QBT_45CYC_.2D1_.3D2_2.qasm 315 144 171 10.83867335319519 180 54 135 90 450 234
20QBT_45CYC_.3D1_.5D2_1.qasm 495 280 215 24.214757204055786 270 102 225 178 720 458
20QBT_45CYC_.3D1_.1D2_8.qasm 315 70 245 3.7491095066070557 270 38 45 32 360 102
20QBT_45CYC_.1D1_.6D2_8.qasm 360 232 128 34.53878688812256 90 58 270 174 630 406
20QBT_45CYC_.1D1_.5D2_3.qasm 315 224 91 22.36144733428955 90 58 225 166 540 390
20QBT_45CYC_.7D1_.1D2_8.qasm 675 60 615 5.62011194229126 630 30 45 30 720 90
20QBT_45CYC_.0D1_.7D2_5.qasm 315 181 134 72.41096639633179 0 0 315 181 630 362
20QBT_45CYC_.5D1_.1D2_6.qasm 495 45 450 4.5357506275177 450 20 45 25 540 70
20QBT_45CYC_.7D1_.1D2_5.qasm 675 73 602 5.926457405090332 630 38 45 35 720 108
20QBT_45CYC_.3D1_.5D2_9.qasm 495 255 240 21.402656078338623 270 98 225 157 720 412
20QBT_45CYC_.4D1_.1D2_4.qasm 405 71 334 4.893783092498779 360 34 45 37 450 108
20QBT_45CYC_.0D1_.8D2_2.qasm 360 201 159 82.01713395118713 0 0 360 201 720 402
20QBT_45CYC_.5D1_.2D2_2.qasm 540 131 409 11.195856809616089 450 56 90 75 630 206
20QBT_45CYC_.0D1_.5D2_4.qasm 225 141 84 42.32314705848694 0 0 225 141 450 282
20QBT_45CYC_.2D1_.6D2_5.qasm 450 269 181 20.607797861099243 180 94 270 175 720 444
20QBT_45CYC_.2D1_.1D2_7.qasm 225 75 150 2.9658868312835693 180 36 45 39 270 114
20QBT_45CYC_.2D1_.2D2_6.qasm 270 118 152 7.796810865402222 180 46 90 72 360 190
20QBT_45CYC_.4D1_.1D2_0.qasm 405 63 342 4.9069952964782715 360 28 45 35 450 98
20QBT_45CYC_.6D1_.1D2_6.qasm 585 50 535 1.5826196670532227 540 24 45 26 630 76
20QBT_45CYC_.2D1_.5D2_5.qasm 405 263 142 25.789400339126587 180 82 225 181 630 444
20QBT_45CYC_.1D1_.5D2_4.qasm 315 199 116 29.761291980743408 90 42 225 157 540 356
20QBT_45CYC_.2D1_.6D2_3.qasm 450 280 170 23.764625310897827 180 86 270 194 720 474
20QBT_45CYC_.1D1_.2D2_7.qasm 180 105 75 5.445302963256836 90 42 90 63 270 168
20QBT_45CYC_.4D1_.1D2_5.qasm 405 66 339 5.1531758308410645 360 28 45 38 450 104
20QBT_45CYC_.2D1_.4D2_3.qasm 360 211 149 23.090009689331055 180 74 180 137 540 348
20QBT_45CYC_.1D1_.1D2_0.qasm 135 66 69 2.9547767639160156 90 28 45 38 180 104
20QBT_45CYC_.2D1_.4D2_0.qasm 360 218 142 14.071643590927124 180 82 180 136 540 354
20QBT_45CYC_.2D1_.5D2_4.qasm 405 236 169 23.85896372795105 180 72 225 164 630 400
20QBT_45CYC_.0D1_.7D2_1.qasm 315 192 123 61.42660450935364 0 0 315 192 630 384
20QBT_45CYC_.1D1_.7D2_4.qasm 405 249 156 39.26892685890198 90 56 315 193 720 442
20QBT_45CYC_.0D1_.4D2_3.qasm 180 92 88 33.62232184410095 0 0 180 92 360 184
20QBT_45CYC_.6D1_.1D2_9.qasm 585 72 513 6.352799892425537 540 36 45 36 630 108
20QBT_45CYC_.5D1_.2D2_0.qasm 540 150 390 2.858346700668335 450 68 90 82 630 232
20QBT_45CYC_.2D1_.3D2_3.qasm 315 164 151 11.528452157974243 180 70 135 94 450 258
20QBT_45CYC_.3D1_.3D2_7.qasm 405 182 223 11.966538190841675 270 74 135 108 540 290
20QBT_45CYC_.1D1_.3D2_8.qasm 225 134 91 17.288337230682373 90 40 135 94 360 228
20QBT_45CYC_.3D1_.2D2_3.qasm 360 143 217 6.285346508026123 270 64 90 79 450 222
20QBT_45CYC_.2D1_.2D2_0.qasm 270 115 155 9.562794208526611 180 46 90 69 360 184
20QBT_45CYC_.1D1_.7D2_6.qasm 405 278 127 43.171905279159546 90 62 315 216 720 494
20QBT_45CYC_.4D1_.2D2_8.qasm 450 127 323 3.244054079055786 360 58 90 69 540 196
20QBT_45CYC_.2D1_.6D2_9.qasm 450 251 199 28.519760847091675 180 78 270 173 720 424
20QBT_45CYC_.4D1_.3D2_8.qasm 495 174 321 14.557876586914062 360 76 135 98 630 272
20QBT_45CYC_.2D1_.2D2_2.qasm 270 93 177 2.6030466556549072 180 34 90 59 360 152
20QBT_45CYC_.0D1_.3D2_5.qasm 135 76 59 23.260782957077026 0 0 135 76 270 152
20QBT_45CYC_.5D1_.1D2_2.qasm 495 67 428 5.358654975891113 450 36 45 31 540 98
20QBT_45CYC_.0D1_.3D2_8.qasm 135 79 56 24.524080991744995 0 0 135 79 270 158
20QBT_45CYC_.1D1_.1D2_4.qasm 135 59 76 2.7028348445892334 90 26 45 33 180 92
20QBT_45CYC_.1D1_.7D2_9.qasm 405 295 110 45.72423028945923 90 66 315 229 720 524
20QBT_45CYC_.3D1_.4D2_1.qasm 450 213 237 16.25787878036499 270 88 180 125 630 338
20QBT_45CYC_.5D1_.3D2_9.qasm 585 180 405 13.505146980285645 450 74 135 106 720 286
20QBT_45CYC_.7D1_.1D2_7.qasm 675 60 615 6.417987585067749 630 28 45 32 720 92
20QBT_45CYC_.4D1_.2D2_5.qasm 450 115 335 2.91806697845459 360 46 90 69 540 184
20QBT_45CYC_.1D1_.4D2_2.qasm 270 177 93 14.479647397994995 90 54 180 123 450 300
20QBT_45CYC_.3D1_.3D2_3.qasm 405 201 204 13.17119550704956 270 88 135 113 540 314
20QBT_45CYC_.4D1_.3D2_5.qasm 495 193 302 12.810698509216309 360 88 135 105 630 298
20QBT_45CYC_.1D1_.6D2_5.qasm 360 232 128 26.885387182235718 90 54 270 178 630 410
20QBT_45CYC_.0D1_.4D2_8.qasm 180 125 55 26.600409269332886 0 0 180 125 360 250
20QBT_45CYC_.0D1_.8D2_4.qasm 360 207 153 83.22602462768555 0 0 360 207 720 414
20QBT_45CYC_.0D1_.1D2_2.qasm 45 22 23 0.9984893798828125 0 0 45 22 90 44
20QBT_45CYC_.0D1_.4D2_5.qasm 180 108 72 24.193119525909424 0 0 180 108 360 216
20QBT_45CYC_.2D1_.6D2_0.qasm 450 267 183 29.363312005996704 180 88 270 179 720 446
20QBT_45CYC_.3D1_.1D2_7.qasm 315 77 238 4.84821891784668 270 40 45 37 360 114
20QBT_45CYC_.5D1_.1D2_1.qasm 495 63 432 1.4073402881622314 450 30 45 33 540 96
20QBT_45CYC_.2D1_.1D2_1.qasm 225 72 153 3.7066478729248047 180 30 45 42 270 114
20QBT_45CYC_.1D1_.4D2_7.qasm 270 191 79 22.726114749908447 90 50 180 141 450 332
20QBT_45CYC_.1D1_.6D2_3.qasm 360 241 119 10.732448816299438 90 60 270 181 630 422
20QBT_45CYC_.4D1_.1D2_3.qasm 405 68 337 5.241051197052002 360 30 45 38 450 106
20QBT_45CYC_.0D1_.1D2_6.qasm 45 19 26 0.3133425712585449 0 0 45 19 90 38
20QBT_45CYC_.3D1_.2D2_7.qasm 360 145 215 6.486562252044678 270 64 90 81 450 226
20QBT_45CYC_.6D1_.1D2_0.qasm 585 73 512 1.604187250137329 540 38 45 35 630 108
20QBT_45CYC_.1D1_.1D2_1.qasm 135 81 54 3.297689437866211 90 42 45 39 180 120
20QBT_45CYC_.7D1_.1D2_3.qasm 675 65 610 1.7997183799743652 630 30 45 35 720 100
20QBT_45CYC_.4D1_.1D2_2.qasm 405 69 336 4.634176015853882 360 28 45 41 450 110
20QBT_45CYC_.3D1_.3D2_8.qasm 405 198 207 9.91547179222107 270 84 135 114 540 312
20QBT_45CYC_.7D1_.1D2_4.qasm 675 63 612 5.895476579666138 630 30 45 33 720 96
20QBT_45CYC_.0D1_.6D2_3.qasm 270 176 94 67.69351744651794 0 0 270 176 540 352
20QBT_45CYC_.2D1_.3D2_6.qasm 315 161 154 11.600511074066162 180 64 135 97 450 258
20QBT_45CYC_.0D1_.8D2_7.qasm 360 197 163 67.95049786567688 0 0 360 197 720 394
20QBT_45CYC_.3D1_.5D2_3.qasm 495 257 238 22.912675857543945 270 86 225 171 720 428
20QBT_45CYC_.5D1_.2D2_8.qasm 540 137 403 11.100170135498047 450 62 90 75 630 212
20QBT_45CYC_.4D1_.4D2_5.qasm 540 235 305 22.866052865982056 360 94 180 141 720 376
20QBT_45CYC_.5D1_.2D2_6.qasm 540 133 407 11.580888509750366 450 60 90 73 630 206
20QBT_45CYC_.6D1_.2D2_6.qasm 630 152 478 3.516589641571045 540 72 90 80 720 232
20QBT_45CYC_.0D1_.1D2_0.qasm 45 23 22 0.34294676780700684 0 0 45 23 90 46
20QBT_45CYC_.0D1_.1D2_9.qasm 45 13 32 0.15611696243286133 0 0 45 13 90 26
20QBT_45CYC_.4D1_.4D2_1.qasm 540 226 314 17.731734037399292 360 86 180 140 720 366
20QBT_45CYC_.3D1_.2D2_4.qasm 360 135 225 2.5728228092193604 270 60 90 75 450 210
20QBT_45CYC_.6D1_.1D2_5.qasm 585 73 512 6.270674228668213 540 32 45 41 630 114
20QBT_45CYC_.4D1_.3D2_7.qasm 495 174 321 15.932844877243042 360 70 135 104 630 278
20QBT_45CYC_.3D1_.4D2_6.qasm 450 249 201 17.450687170028687 270 104 180 145 630 394
20QBT_45CYC_.3D1_.1D2_1.qasm 315 79 236 4.049102306365967 270 40 45 39 360 118
20QBT_45CYC_.2D1_.4D2_2.qasm 360 226 134 24.984837532043457 180 78 180 148 540 374
20QBT_45CYC_.2D1_.4D2_7.qasm 360 208 152 18.456844568252563 180 74 180 134 540 342
20QBT_45CYC_.0D1_.6D2_6.qasm 270 140 130 55.44592475891113 0 0 270 140 540 280
20QBT_45CYC_.1D1_.7D2_0.qasm 405 296 109 37.656023263931274 90 58 315 238 720 534
20QBT_45CYC_.1D1_.2D2_9.qasm 180 100 80 6.729806423187256 90 28 90 72 270 172
20QBT_45CYC_.6D1_.1D2_7.qasm 585 65 520 5.912014484405518 540 32 45 33 630 98
20QBT_45CYC_.4D1_.2D2_6.qasm 450 142 308 7.014914035797119 360 64 90 78 540 220
20QBT_45CYC_.3D1_.4D2_4.qasm 450 230 220 18.100727081298828 270 88 180 142 630 372
20QBT_45CYC_.1D1_.1D2_7.qasm 135 57 78 2.4353692531585693 90 26 45 31 180 88
20QBT_45CYC_.4D1_.1D2_1.qasm 405 79 326 5.399036407470703 360 40 45 39 450 118
20QBT_45CYC_.4D1_.1D2_6.qasm 405 71 334 4.293710470199585 360 34 45 37 450 108
20QBT_45CYC_.1D1_.5D2_2.qasm 315 208 107 23.307851791381836 90 46 225 162 540 370
20QBT_45CYC_.4D1_.2D2_2.qasm 450 126 324 10.486366987228394 360 50 90 76 540 202
20QBT_45CYC_.5D1_.1D2_0.qasm 495 84 411 1.807788372039795 450 44 45 40 540 124
20QBT_45CYC_.1D1_.6D2_1.qasm 360 217 143 36.022900104522705 90 44 270 173 630 390
20QBT_45CYC_.0D1_.3D2_1.qasm 135 86 49 21.593757390975952 0 0 135 86 270 172
20QBT_45CYC_.4D1_.2D2_0.qasm 450 147 303 10.600171327590942 360 72 90 75 540 222
20QBT_45CYC_.6D1_.2D2_8.qasm 630 142 488 12.343502283096313 540 64 90 78 720 220
20QBT_45CYC_.0D1_.2D2_1.qasm 90 50 40 8.939762353897095 0 0 90 50 180 100
20QBT_45CYC_.1D1_.7D2_3.qasm 405 257 148 44.440093994140625 90 50 315 207 720 464
20QBT_45CYC_.2D1_.1D2_9.qasm 225 74 151 3.128840208053589 180 40 45 34 270 108
20QBT_45CYC_.0D1_.7D2_3.qasm 315 188 127 73.44529938697815 0 0 315 188 630 376
20QBT_45CYC_.0D1_.7D2_9.qasm 315 179 136 71.7869713306427 0 0 315 179 630 358
20QBT_45CYC_.6D1_.2D2_9.qasm 630 131 499 8.97631311416626 540 60 90 71 720 202
20QBT_45CYC_.1D1_.3D2_7.qasm 225 149 76 15.773730278015137 90 54 135 95 360 244
20QBT_45CYC_.5D1_.1D2_4.qasm 495 59 436 4.648836374282837 450 26 45 33 540 92
20QBT_45CYC_.3D1_.5D2_5.qasm 495 258 237 20.012995958328247 270 98 225 160 720 418
20QBT_45CYC_.3D1_.4D2_3.qasm 450 197 253 19.574849367141724 270 78 180 119 630 316
20QBT_45CYC_.1D1_.2D2_3.qasm 180 105 75 5.906129598617554 90 40 90 65 270 170
20QBT_45CYC_.5D1_.1D2_7.qasm 495 77 418 5.976410627365112 450 38 45 39 540 116
20QBT_45CYC_.1D1_.7D2_8.qasm 405 273 132 34.52193021774292 90 56 315 217 720 490
20QBT_45CYC_.4D1_.4D2_8.qasm 540 241 299 17.45511245727539 360 102 180 139 720 380
20QBT_45CYC_.2D1_.1D2_5.qasm 225 63 162 3.0765905380249023 180 30 45 33 270 96
20QBT_45CYC_.1D1_.4D2_0.qasm 270 162 108 18.03680419921875 90 48 180 114 450 276
20QBT_45CYC_.1D1_.5D2_6.qasm 315 201 114 25.24617075920105 90 42 225 159 540 360
20QBT_45CYC_.4D1_.4D2_2.qasm 540 239 301 18.238314628601074 360 96 180 143 720 382
20QBT_45CYC_.1D1_.4D2_5.qasm 270 168 102 25.878970623016357 90 44 180 124 450 292
20QBT_45CYC_.0D1_.3D2_3.qasm 135 86 49 21.42550277709961 0 0 135 86 270 172
20QBT_45CYC_.1D1_.1D2_2.qasm 135 53 82 2.260211229324341 90 26 45 27 180 80
20QBT_45CYC_.2D1_.5D2_2.qasm 405 240 165 24.225667476654053 180 82 225 158 630 398
20QBT_45CYC_.4D1_.2D2_3.qasm 450 120 330 2.910395860671997 360 52 90 68 540 188
20QBT_45CYC_.0D1_.7D2_0.qasm 315 172 143 57.013150215148926 0 0 315 172 630 344
20QBT_45CYC_.1D1_.4D2_3.qasm 270 164 106 22.341092586517334 90 40 180 124 450 288
20QBT_45CYC_.2D1_.4D2_9.qasm 360 179 181 21.32968258857727 180 64 180 115 540 294
20QBT_45CYC_.0D1_.4D2_2.qasm 180 90 90 32.340922832489014 0 0 180 90 360 180
20QBT_45CYC_.2D1_.2D2_1.qasm 270 130 140 10.63236403465271 180 54 90 76 360 206
20QBT_45CYC_.0D1_.2D2_9.qasm 90 39 51 7.522837400436401 0 0 90 39 180 78
20QBT_45CYC_.1D1_.3D2_1.qasm 225 143 82 14.685056447982788 90 42 135 101 360 244
20QBT_45CYC_.0D1_.6D2_0.qasm 270 148 122 58.207053899765015 0 0 270 148 540 296
20QBT_45CYC_.0D1_.6D2_7.qasm 270 164 106 51.862462520599365 0 0 270 164 540 328
20QBT_45CYC_.0D1_.6D2_2.qasm 270 162 108 51.806941986083984 0 0 270 162 540 324
20QBT_45CYC_.1D1_.2D2_5.qasm 180 106 74 6.566509008407593 90 36 90 70 270 176
20QBT_45CYC_.4D1_.1D2_9.qasm 405 55 350 4.622102737426758 360 24 45 31 450 86
20QBT_45CYC_.1D1_.3D2_5.qasm 225 148 77 10.75180983543396 90 46 135 102 360 250
20QBT_45CYC_.0D1_.3D2_2.qasm 135 80 55 25.02552056312561 0 0 135 80 270 160
20QBT_45CYC_.1D1_.4D2_4.qasm 270 171 99 23.157742261886597 90 52 180 119 450 290
20QBT_45CYC_.1D1_.7D2_2.qasm 405 235 170 49.145803928375244 90 50 315 185 720 420
20QBT_45CYC_.3D1_.1D2_6.qasm 315 51 264 3.3456432819366455 270 22 45 29 360 80
20QBT_45CYC_.0D1_.8D2_5.qasm 360 202 158 69.06378412246704 0 0 360 202 720 404
20QBT_45CYC_.6D1_.2D2_0.qasm 630 129 501 3.260430097579956 540 58 90 71 720 200
20QBT_45CYC_.0D1_.7D2_4.qasm 315 181 134 72.3944206237793 0 0 315 181 630 362
20QBT_45CYC_.6D1_.1D2_4.qasm 585 60 525 5.478697299957275 540 30 45 30 630 90
20QBT_45CYC_.3D1_.2D2_0.qasm 360 119 241 9.716325521469116 270 52 90 67 450 186
20QBT_45CYC_.0D1_.1D2_7.qasm 45 21 24 0.5112688541412354 0 0 45 21 90 42
20QBT_45CYC_.5D1_.3D2_0.qasm 585 191 394 13.429203987121582 450 80 135 111 720 302
20QBT_45CYC_.4D1_.3D2_6.qasm 495 183 312 11.892944097518921 360 78 135 105 630 288
20QBT_45CYC_.4D1_.3D2_4.qasm 495 188 307 15.307680368423462 360 84 135 104 630 292
20QBT_45CYC_.3D1_.3D2_1.qasm 405 174 231 11.971230030059814 270 74 135 100 540 274
20QBT_45CYC_.2D1_.6D2_8.qasm 450 267 183 31.942380905151367 180 76 270 191 720 458
20QBT_45CYC_.3D1_.4D2_0.qasm 450 235 215 17.192388772964478 270 94 180 141 630 376
20QBT_45CYC_.6D1_.2D2_1.qasm 630 135 495 11.33175802230835 540 64 90 71 720 206
20QBT_45CYC_.5D1_.2D2_4.qasm 540 136 404 8.693071126937866 450 64 90 72 630 208
20QBT_45CYC_.2D1_.2D2_8.qasm 270 120 150 7.770256519317627 180 48 90 72 360 192
20QBT_45CYC_.4D1_.4D2_0.qasm 540 230 310 18.484498262405396 360 90 180 140 720 370
20QBT_45CYC_.4D1_.2D2_9.qasm 450 150 300 9.643138647079468 360 66 90 84 540 234
20QBT_45CYC_.2D1_.5D2_1.qasm 405 242 163 25.276695489883423 180 78 225 164 630 406
20QBT_45CYC_.5D1_.1D2_8.qasm 495 63 432 5.060551166534424 450 32 45 31 540 94
20QBT_45CYC_.2D1_.3D2_8.qasm 315 186 129 9.866443395614624 180 74 135 112 450 298
20QBT_45CYC_.0D1_.5D2_2.qasm 225 121 104 46.952975034713745 0 0 225 121 450 242
20QBT_45CYC_.3D1_.1D2_5.qasm 315 69 246 4.4106268882751465 270 36 45 33 360 102
20QBT_45CYC_.0D1_.5D2_5.qasm 225 128 97 38.89416551589966 0 0 225 128 450 256
20QBT_45CYC_.3D1_.4D2_2.qasm 450 225 225 17.146803855895996 270 88 180 137 630 362
20QBT_45CYC_.3D1_.3D2_0.qasm 405 188 217 12.382197856903076 270 84 135 104 540 292
20QBT_45CYC_.3D1_.4D2_5.qasm 450 206 244 17.293951988220215 270 72 180 134 630 340
20QBT_45CYC_.2D1_.4D2_1.qasm 360 222 138 13.934946537017822 180 82 180 140 540 362
20QBT_45CYC_.1D1_.6D2_9.qasm 360 220 140 32.38663339614868 90 54 270 166 630 386
20QBT_45CYC_.3D1_.2D2_9.qasm 360 114 246 8.891814708709717 270 50 90 64 450 178
20QBT_45CYC_.5D1_.3D2_5.qasm 585 213 372 17.279823303222656 450 94 135 119 720 332
20QBT_45CYC_.1D1_.2D2_6.qasm 180 91 89 7.177403926849365 90 36 90 55 270 146
20QBT_45CYC_.3D1_.1D2_4.qasm 315 74 241 3.69415020942688 270 40 45 34 360 108
20QBT_45CYC_.4D1_.3D2_0.qasm 495 182 313 16.177001237869263 360 76 135 106 630 288
20QBT_45CYC_.6D1_.1D2_8.qasm 585 81 504 6.282787084579468 540 40 45 41 630 122
20QBT_45CYC_.2D1_.5D2_8.qasm 405 250 155 7.653828382492065 180 78 225 172 630 422
20QBT_45CYC_.6D1_.1D2_3.qasm 585 69 516 6.00783896446228 540 36 45 33 630 102
20QBT_45CYC_.6D1_.2D2_7.qasm 630 134 496 9.84952449798584 540 58 90 76 720 210
20QBT_45CYC_.0D1_.8D2_8.qasm 360 198 162 67.61362957954407 0 0 360 198 720 396
20QBT_45CYC_.6D1_.2D2_4.qasm 630 137 493 11.556349754333496 540 66 90 71 720 208
20QBT_45CYC_.4D1_.2D2_4.qasm 450 138 312 11.052458047866821 360 62 90 76 540 214
20QBT_45CYC_.0D1_.2D2_2.qasm 90 59 31 11.197302103042603 0 0 90 59 180 118
20QBT_45CYC_.0D1_.1D2_3.qasm 45 22 23 0.2640650272369385 0 0 45 22 90 44
20QBT_45CYC_.2D1_.5D2_9.qasm 405 246 159 24.529707193374634 180 82 225 164 630 410
20QBT_45CYC_.4D1_.1D2_8.qasm 405 61 344 4.862250566482544 360 26 45 35 450 96
20QBT_45CYC_.1D1_.3D2_2.qasm 225 141 84 10.667267560958862 90 44 135 97 360 238
20QBT_45CYC_.0D1_.8D2_1.qasm 360 192 168 66.8251724243164 0 0 360 192 720 384
20QBT_45CYC_.5D1_.1D2_5.qasm 495 74 421 4.856962442398071 450 38 45 36 540 110
20QBT_45CYC_.0D1_.5D2_9.qasm 225 131 94 48.060328006744385 0 0 225 131 450 262
20QBT_45CYC_.2D1_.3D2_0.qasm 315 160 155 11.755639553070068 180 62 135 98 450 258
20QBT_45CYC_.0D1_.1D2_4.qasm 45 28 17 0.616645336151123 0 0 45 28 90 56
20QBT_45CYC_.5D1_.3D2_3.qasm 585 180 405 17.13910174369812 450 72 135 108 720 288
20QBT_45CYC_.2D1_.3D2_9.qasm 315 150 165 12.757715702056885 180 54 135 96 450 246
20QBT_45CYC_.3D1_.2D2_5.qasm 360 135 225 10.724971532821655 270 58 90 77 450 212
20QBT_45CYC_.5D1_.2D2_1.qasm 540 121 419 10.22694444656372 450 58 90 63 630 184
