20QBT_45CYC_.1D1_.4D2_6.qasm 270 193 77 17.33106698989868 90 52 180 141 450 334
20QBT_45CYC_.3D1_.1D2_9.qasm 315 72 243 4.8497397899627686 270 36 45 36 360 108
20QBT_45CYC_.0D1_.6D2_1.qasm 270 183 87 67.70186352729797 0 0 270 183 540 367
20QBT_45CYC_.0D1_.1D2_1.qasm 45 26 19 0.6588780403137207 0 0 45 26 90 52
20QBT_45CYC_.0D1_.6D2_5.qasm 270 161 109 51.18881230354309 0 0 270 161 540 322
20QBT_45CYC_.2D1_.6D2_7.qasm 450 288 162 27.40798830986023 180 90 270 198 720 485
20QBT_45CYC_.0D1_.2D2_3.qasm 90 58 32 8.962088441848755 0 0 90 58 180 115
20QBT_45CYC_.0D1_.2D2_6.qasm 90 54 36 8.322740316390991 0 0 90 54 180 108
20QBT_45CYC_.3D1_.2D2_2.qasm 360 132 228 10.996233272552491 270 60 90 72 450 204
20QBT_45CYC_.0D1_.3D2_0.qasm 135 85 50 21.35576343536377 0 0 135 85 270 169
20QBT_45CYC_.7D1_.1D2_0.qasm 675 83 592 39.10229539871216 630 42 45 41 720 124
20QBT_45CYC_.0D1_.5D2_0.qasm 225 125 100 38.81283559799194 0 0 225 125 450 250
20QBT_45CYC_.5D1_.2D2_7.qasm 540 149 391 15.85952649116516 450 68 90 81 630 230
20QBT_45CYC_.2D1_.2D2_4.qasm 270 140 130 8.598185443878174 180 63 90 77 360 217
20QBT_45CYC_.1D1_.7D2_7.qasm 405 264 141 45.61363749504089 90 52 315 212 720 476
20QBT_45CYC_.1D1_.5D2_7.qasm 315 213 102 23.019033765792848 90 48 225 165 540 378
20QBT_45CYC_.1D1_.5D2_0.qasm 315 210 105 27.704122495651244 90 54 225 156 540 366
20QBT_45CYC_.4D1_.4D2_4.qasm 540 246 294 16.33964900970459 360 102 180 144 720 390
20QBT_45CYC_.3D1_.1D2_2.qasm 315 67 248 5.5892585754394535 270 38 45 29 360 96
20QBT_45CYC_.4D1_.4D2_6.qasm 540 223 317 24.90657420158386 360 90 180 133 720 356
20QBT_45CYC_.4D1_.4D2_3.qasm 540 221 319 15.440698719024658 360 98 180 123 720 344
20QBT_45CYC_.0D1_.5D2_3.qasm 225 139 86 45.38612051010132 0 0 225 139 450 278
20QBT_45CYC_.2D1_.6D2_6.qasm 450 283 167 23.00755786895752 180 94 270 189 720 472
20QBT_45CYC_.2D1_.6D2_2.qasm 450 263 187 22.870753812789918 180 82 270 181 720 444
20QBT_45CYC_.1D1_.1D2_5.qasm 135 67 68 2.5285764217376707 90 34 45 33 180 100
20QBT_45CYC_.2D1_.2D2_7.qasm 270 121 149 11.025037622451782 180 44 90 77 360 198
20QBT_45CYC_.7D1_.1D2_1.qasm 675 76 599 39.20349740982056 630 38 45 38 720 114
20QBT_45CYC_.3D1_.2D2_6.qasm 360 117 243 9.901393795013428 270 46 90 71 450 188
20QBT_45CYC_.1D1_.6D2_6.qasm 360 245 115 28.907731103897095 90 58 270 187 630 432
20QBT_45CYC_.0D1_.2D2_8.qasm 90 62 28 9.156569385528565 0 0 90 62 180 124
20QBT_45CYC_.3D1_.4D2_8.qasm 450 256 194 22.473518705368043 270 110 180 146 630 402
20QBT_45CYC_.3D1_.2D2_1.qasm 360 137 223 12.253687286376953 270 60 90 77 450 214
20QBT_45CYC_.0D1_.3D2_4.qasm 135 88 47 16.978111124038698 0 0 135 88 270 176
20QBT_45CYC_.1D1_.6D2_7.qasm 360 239 121 27.629240417480467 90 56 270 183 630 422
20QBT_45CYC_.0D1_.2D2_0.qasm 90 55 35 7.769159746170044 0 0 90 55 180 110
20QBT_45CYC_.3D1_.5D2_0.qasm 495 275 220 23.605379819869995 270 105 225 170 720 445
20QBT_45CYC_.1D1_.6D2_4.qasm 360 228 132 34.8357048034668 90 50 270 178 630 406
20QBT_45CYC_.3D1_.5D2_8.qasm 495 243 252 23.044909048080445 270 90 225 153 720 396
20QBT_45CYC_.2D1_.3D2_7.qasm 315 168 147 11.402998971939088 180 56 135 112 450 280
20QBT_45CYC_.0D1_.7D2_8.qasm 315 185 130 60.41793265342712 0 0 315 185 630 370
20QBT_45CYC_.4D1_.2D2_1.qasm 450 140 310 11.048933744430542 360 66 90 74 540 214
20QBT_45CYC_.5D1_.3D2_7.qasm 585 187 398 21.47741017341614 450 80 135 107 720 294
20QBT_45CYC_.1D1_.2D2_4.qasm 180 128 52 10.596290636062623 90 50 90 78 270 206
20QBT_45CYC_.0D1_.3D2_9.qasm 135 48 87 13.383695363998413 0 0 135 48 270 96
20QBT_45CYC_.2D1_.4D2_4.qasm 360 216 144 17.8784912109375 180 80 180 136 540 352
20QBT_45CYC_.3D1_.3D2_9.qasm 405 200 205 17.788510417938234 270 88 135 112 540 312
20QBT_45CYC_.2D1_.5D2_6.qasm 405 269 136 23.82867636680603 180 99 225 170 630 439
20QBT_45CYC_.2D1_.2D2_3.qasm 270 117 153 6.462735557556153 180 51 90 66 360 183
20QBT_45CYC_.0D1_.6D2_8.qasm 270 153 117 48.53752989768982 0 0 270 153 540 307
20QBT_45CYC_.4D1_.3D2_2.qasm 495 189 306 13.991647624969483 360 78 135 111 630 300
20QBT_45CYC_.5D1_.3D2_1.qasm 585 195 390 18.09911036491394 450 88 135 107 720 302
20QBT_45CYC_.1D1_.5D2_5.qasm 315 223 92 29.027631187438963 90 60 225 163 540 386
20QBT_45CYC_.0D1_.3D2_7.qasm 135 79 56 15.987446832656861 0 0 135 79 270 158
20QBT_45CYC_.5D1_.3D2_2.qasm 585 188 397 17.818097257614134 450 84 135 104 720 292
20QBT_45CYC_.0D1_.8D2_3.qasm 360 200 160 81.72137298583985 0 0 360 200 720 400
20QBT_45CYC_.7D1_.1D2_2.qasm 675 72 603 40.12448310852051 630 35 45 37 720 109
20QBT_45CYC_.1D1_.3D2_4.qasm 225 160 65 8.208619022369385 90 48 135 112 360 272
20QBT_45CYC_.2D1_.4D2_8.qasm 360 205 155 20.94789628982544 180 70 180 135 540 340
20QBT_45CYC_.1D1_.7D2_1.qasm 405 245 160 39.54809341430664 90 60 315 186 720 431
20QBT_45CYC_.2D1_.2D2_5.qasm 270 129 141 8.367464399337768 180 55 90 74 360 203
20QBT_45CYC_.3D1_.3D2_2.qasm 405 203 202 13.438399696350098 270 92 135 111 540 314
20QBT_45CYC_.3D1_.4D2_7.qasm 450 233 217 18.447384548187255 270 98 180 135 630 368
20QBT_45CYC_.2D1_.5D2_7.qasm 405 249 156 24.43983883857727 180 84 225 165 630 414
20QBT_45CYC_.0D1_.6D2_4.qasm 270 168 102 52.44596576690674 0 0 270 168 540 336
20QBT_45CYC_.1D1_.1D2_3.qasm 135 56 79 2.5032557010650636 90 24 45 32 180 88
20QBT_45CYC_.0D1_.2D2_5.qasm 90 54 36 11.625529050827026 0 0 90 54 180 108
20QBT_45CYC_.5D1_.2D2_3.qasm 540 163 377 14.891313505172729 450 80 90 83 630 246
20QBT_45CYC_.2D1_.1D2_0.qasm 225 67 158 3.8197049140930175 180 32 45 35 270 102
20QBT_45CYC_.0D1_.6D2_9.qasm 270 179 91 43.00586953163147 0 0 270 179 540 358
20QBT_45CYC_.2D1_.3D2_5.qasm 315 169 146 10.00607852935791 180 68 135 101 450 270
20QBT_45CYC_.5D1_.2D2_5.qasm 540 143 397 15.848291015625 450 68 90 75 630 218
20QBT_45CYC_.2D1_.5D2_0.qasm 405 258 147 27.108486032485963 180 82 225 176 630 434
20QBT_45CYC_.1D1_.5D2_8.qasm 315 221 94 38.121848583221436 90 54 225 167 540 388
20QBT_45CYC_.0D1_.4D2_9.qasm 180 104 76 29.802965354919433 0 0 180 104 360 208
20QBT_45CYC_.4D1_.3D2_3.qasm 495 190 305 17.133768177032472 360 74 135 116 630 306
20QBT_45CYC_.0D1_.4D2_1.qasm 180 104 76 30.11951289176941 0 0 180 104 360 208
20QBT_45CYC_.5D1_.2D2_9.qasm 540 143 397 18.025619411468504 450 66 90 77 630 220
20QBT_45CYC_.1D1_.4D2_1.qasm 270 191 79 22.08518342971802 90 52 180 139 450 330
20QBT_45CYC_.2D1_.1D2_8.qasm 225 63 162 4.133000373840332 180 30 45 33 270 96
20QBT_45CYC_.0D1_.7D2_7.qasm 315 179 136 58.38739414215088 0 0 315 179 630 358
20QBT_45CYC_.5D1_.3D2_4.qasm 585 179 406 24.61222925186157 450 76 135 103 720 282
20QBT_45CYC_.3D1_.3D2_6.qasm 405 194 211 11.22954044342041 270 82 135 112 540 306
20QBT_45CYC_.2D1_.3D2_1.qasm 315 167 148 14.34587802886963 180 69 135 98 450 265
20QBT_45CYC_.5D1_.3D2_6.qasm 585 196 389 21.803304815292357 450 82 135 114 720 310
20QBT_45CYC_.2D1_.1D2_6.qasm 225 81 144 3.151025152206421 180 44 45 37 270 118
20QBT_45CYC_.1D1_.3D2_6.qasm 225 130 95 14.01113519668579 90 38 135 92 360 222
20QBT_45CYC_.6D1_.1D2_1.qasm 585 75 510 26.110302686691284 540 36 45 39 630 114
20QBT_45CYC_.3D1_.1D2_3.qasm 315 68 247 6.33893518447876 270 34 45 34 360 102
20QBT_45CYC_.0D1_.3D2_6.qasm 135 82 53 20.366302490234375 0 0 135 82 270 164
20QBT_45CYC_.1D1_.2D2_1.qasm 180 122 58 4.41023998260498 90 42 90 80 270 202
20QBT_45CYC_.0D1_.1D2_5.qasm 45 16 29 0.33101530075073243 0 0 45 16 90 31
20QBT_45CYC_.3D1_.5D2_7.qasm 495 267 228 29.40356602668762 270 102 225 165 720 432
20QBT_45CYC_.4D1_.3D2_1.qasm 495 155 340 18.85123476982117 360 64 135 91 630 246
20QBT_45CYC_.0D1_.8D2_6.qasm 360 202 158 67.8778422832489 0 0 360 202 720 404
20QBT_45CYC_.5D1_.1D2_9.qasm 495 77 418 15.487569046020507 450 40 45 37 540 114
20QBT_45CYC_.0D1_.5D2_1.qasm 225 122 103 30.722723150253294 0 0 225 122 450 244
20QBT_45CYC_.1D1_.4D2_9.qasm 270 161 109 19.38977208137512 90 46 180 115 450 276
20QBT_45CYC_.4D1_.2D2_7.qasm 450 148 302 12.785145235061645 360 70 90 78 540 226
20QBT_45CYC_.0D1_.4D2_7.qasm 180 118 62 39.775064086914064 0 0 180 118 360 235
20QBT_45CYC_.2D1_.6D2_1.qasm 450 258 192 21.58977551460266 180 82 270 176 720 434
20QBT_45CYC_.1D1_.5D2_1.qasm 315 190 125 33.2947012424469 90 44 225 146 540 336
20QBT_45CYC_.0D1_.4D2_0.qasm 180 107 73 24.830454349517822 0 0 180 107 360 214
20QBT_45CYC_.1D1_.1D2_9.qasm 135 58 77 2.4936432361602785 90 28 45 30 180 88
20QBT_45CYC_.1D1_.3D2_9.qasm 225 143 82 16.852757263183594 90 42 135 101 360 243
20QBT_45CYC_.1D1_.4D2_8.qasm 270 169 101 20.09001111984253 90 46 180 123 450 292
20QBT_45CYC_.1D1_.2D2_0.qasm 180 111 69 6.530457019805908 90 40 90 71 270 182
20QBT_45CYC_.5D1_.3D2_8.qasm 585 184 401 24.91991467475891 450 76 135 108 720 292
20QBT_45CYC_.5D1_.1D2_3.qasm 495 72 423 16.073643827438353 450 36 45 36 540 108
20QBT_45CYC_.0D1_.5D2_6.qasm 225 142 83 42.32276873588562 0 0 225 142 450 284
20QBT_45CYC_.3D1_.5D2_6.qasm 495 244 251 22.662793397903442 270 92 225 152 720 396
20QBT_45CYC_.6D1_.2D2_2.qasm 630 132 498 26.34458613395691 540 56 90 76 720 208
20QBT_45CYC_.3D1_.3D2_4.qasm 405 186 219 13.441662502288818 270 82 135 104 540 290
20QBT_45CYC_.4D1_.4D2_7.qasm 540 241 299 20.56868462562561 360 98 180 143 720 384
20QBT_45CYC_.0D1_.8D2_9.qasm 360 205 155 82.86219010353088 0 0 360 205 720 410
20QBT_45CYC_.6D1_.2D2_3.qasm 630 109 521 27.03181371688843 540 49 90 60 720 169
20QBT_45CYC_.1D1_.3D2_0.qasm 225 146 79 11.230247068405152 90 46 135 100 360 246
20QBT_45CYC_.2D1_.4D2_5.qasm 360 231 129 15.425832891464234 180 82 180 149 540 380
20QBT_45CYC_.2D1_.2D2_9.qasm 270 104 166 7.257722520828247 180 42 90 62 360 166
20QBT_45CYC_.1D1_.7D2_5.qasm 405 266 139 32.95788497924805 90 64 315 202 720 468
20QBT_45CYC_.4D1_.4D2_9.qasm 540 246 294 15.78140892982483 360 112 180 134 720 380
20QBT_45CYC_.7D1_.1D2_9.qasm 675 71 604 38.730707836151126 630 32 45 39 720 110
20QBT_45CYC_.0D1_.4D2_4.qasm 180 115 65 31.9078311920166 0 0 180 115 360 230
20QBT_45CYC_.3D1_.4D2_9.qasm 450 226 224 17.285938215255737 270 98 180 128 630 354
20QBT_45CYC_.2D1_.1D2_4.qasm 225 73 152 3.225688934326172 180 36 45 37 270 110
20QBT_45CYC_.1D1_.2D2_8.qasm 180 105 75 9.780197811126708 90 36 90 69 270 174
20QBT_45CYC_.1D1_.1D2_8.qasm 135 55 80 2.274733877182007 90 20 45 35 180 90
20QBT_45CYC_.0D1_.8D2_0.qasm 360 221 139 75.48151698112488 0 0 360 221 720 443
20QBT_45CYC_.2D1_.6D2_4.qasm 450 278 172 25.922748804092407 180 84 270 194 720 472
20QBT_45CYC_.2D1_.5D2_3.qasm 405 220 185 23.10954933166504 180 70 225 150 630 369
20QBT_45CYC_.6D1_.2D2_5.qasm 630 144 486 28.0703040599823 540 66 90 78 720 222
20QBT_45CYC_.0D1_.7D2_6.qasm 315 201 114 63.5688307762146 0 0 315 201 630 403
20QBT_45CYC_.7D1_.1D2_6.qasm 675 64 611 39.620270538330075 630 32 45 32 720 96
20QBT_45CYC_.0D1_.4D2_6.qasm 180 95 85 34.303144979476926 0 0 180 95 360 191
20QBT_45CYC_.1D1_.5D2_9.qasm 315 207 108 31.89921932220459 90 58 225 149 540 357
20QBT_45CYC_.2D1_.1D2_3.qasm 225 73 152 4.422534227371216 180 36 45 37 270 110
20QBT_45CYC_.0D1_.5D2_8.qasm 225 157 68 45.49172987937927 0 0 225 157 450 314
20QBT_45CYC_.1D1_.6D2_2.qasm 360 231 129 37.02193760871887 90 50 270 181 630 412
20QBT_45CYC_.3D1_.2D2_8.qasm 360 140 220 11.587996482849121 270 66 90 74 450 214
20QBT_45CYC_.1D1_.6D2_0.qasm 360 241 119 27.42531485557556 90 58 270 183 630 424
20QBT_45CYC_.1D1_.3D2_3.qasm 225 149 76 10.72865433692932 90 50 135 99 360 248
20QBT_45CYC_.2D1_.3D2_4.qasm 315 165 150 9.789596319198608 180 64 135 101 450 266
20QBT_45CYC_.0D1_.5D2_7.qasm 225 150 75 53.89033713340759 0 0 225 150 450 300
20QBT_45CYC_.6D1_.1D2_2.qasm 585 85 500 24.1970064163208 540 46 45 39 630 124
20QBT_45CYC_.4D1_.3D2_9.qasm 495 175 320 19.44998183250427 360 78 135 97 630 272
20QBT_45CYC_.0D1_.2D2_4.qasm 90 56 34 10.469592523574828 0 0 90 56 180 113
20QBT_45CYC_.3D1_.3D2_5.qasm 405 180 225 13.28605251312256 270 80 135 100 540 280
20QBT_45CYC_.0D1_.2D2_7.qasm 90 52 38 7.102329921722412 0 0 90 52 180 104
20QBT_45CYC_.2D1_.1D2_2.qasm 225 54 171 3.090156364440918 180 22 45 32 270 86
20QBT_45CYC_.3D1_.5D2_4.qasm 495 275 220 23.697939586639404 270 106 225 169 720 444
20QBT_45CYC_.0D1_.1D2_8.qasm 45 23 22 0.4164443016052246 0 0 45 23 90 46
20QBT_45CYC_.4D1_.1D2_7.qasm 405 73 332 9.492117261886596 360 38 45 35 450 108
20QBT_45CYC_.2D1_.4D2_6.qasm 360 204 156 19.162914037704468 180 68 180 136 540 341
20QBT_45CYC_.3D1_.5D2_2.qasm 495 264 231 25.016379737854002 270 88 225 176 720 440
20QBT_45CYC_.1D1_.1D2_6.qasm 135 68 67 2.2933635234832765 90 34 45 34 180 102
20QBT_45CYC_.1D1_.2D2_2.qasm 180 89 91 9.68043785095215 90 28 90 61 270 150
20QBT_45CYC_.3D1_.1D2_0.qasm 315 81 234 5.386058902740478 270 40 45 41 360 122
20QBT_45CYC_.0D1_.7D2_2.qasm 315 181 134 71.57810854911804 0 0 315 181 630 362
20QBT_45CYC_.2D1_.3D2_2.qasm 315 144 171 11.465653610229491 180 54 135 90 450 234
20QBT_45CYC_.3D1_.5D2_1.qasm 495 282 213 19.006578969955445 270 104 225 178 720 460
20QBT_45CYC_.3D1_.1D2_8.qasm 315 70 245 5.253391265869141 270 38 45 32 360 102
20QBT_45CYC_.1D1_.6D2_8.qasm 360 234 126 34.67123460769653 90 58 270 176 630 410
20QBT_45CYC_.1D1_.5D2_3.qasm 315 226 89 17.074179029464723 90 58 225 168 540 394
20QBT_45CYC_.7D1_.1D2_8.qasm 675 60 615 42.71846599578858 630 30 45 30 720 90
20QBT_45CYC_.0D1_.7D2_5.qasm 315 185 130 60.24114751815796 0 0 315 185 630 369
20QBT_45CYC_.5D1_.1D2_6.qasm 495 45 450 17.291996335983278 450 20 45 25 540 70
20QBT_45CYC_.7D1_.1D2_5.qasm 675 79 596 38.77984046936035 630 44 45 35 720 114
20QBT_45CYC_.3D1_.5D2_9.qasm 495 261 234 22.52603349685669 270 102 225 159 720 420
20QBT_45CYC_.4D1_.1D2_4.qasm 405 73 332 8.757862186431884 360 36 45 37 450 110
20QBT_45CYC_.0D1_.8D2_2.qasm 360 204 156 68.76813383102417 0 0 360 204 720 408
20QBT_45CYC_.5D1_.2D2_2.qasm 540 133 407 16.825128602981568 450 58 90 75 630 208
20QBT_45CYC_.0D1_.5D2_4.qasm 225 144 81 42.77431392669678 0 0 225 144 450 288
20QBT_45CYC_.2D1_.6D2_5.qasm 450 269 181 21.264919328689576 180 94 270 175 720 444
20QBT_45CYC_.2D1_.1D2_7.qasm 225 75 150 3.4084192752838134 180 36 45 39 270 114
20QBT_45CYC_.2D1_.2D2_6.qasm 270 124 146 6.687801218032837 180 50 90 74 360 198
20QBT_45CYC_.4D1_.1D2_0.qasm 405 63 342 10.180204582214355 360 28 45 35 450 98
20QBT_45CYC_.6D1_.1D2_6.qasm 585 48 537 26.62011137008667 540 22 45 26 630 74
20QBT_45CYC_.2D1_.5D2_5.qasm 405 268 137 19.69476451873779 180 86 225 182 630 450
20QBT_45CYC_.1D1_.5D2_4.qasm 315 200 115 29.98323435783386 90 42 225 158 540 358
20QBT_45CYC_.2D1_.6D2_3.qasm 450 280 170 24.175549364089967 180 86 270 194 720 474
20QBT_45CYC_.1D1_.2D2_7.qasm 180 107 73 5.577824592590332 90 42 90 65 270 172
20QBT_45CYC_.4D1_.1D2_5.qasm 405 71 334 10.026393795013428 360 30 45 41 450 112
20QBT_45CYC_.2D1_.4D2_3.qasm 360 208 152 15.162294960021972 180 72 180 136 540 344
20QBT_45CYC_.1D1_.1D2_0.qasm 135 66 69 2.371933174133301 90 28 45 38 180 104
20QBT_45CYC_.2D1_.4D2_0.qasm 360 218 142 14.337074375152588 180 82 180 136 540 354
20QBT_45CYC_.2D1_.5D2_4.qasm 405 239 166 24.464109086990355 180 72 225 167 630 406
20QBT_45CYC_.0D1_.7D2_1.qasm 315 192 123 60.94827551841736 0 0 315 192 630 384
20QBT_45CYC_.1D1_.7D2_4.qasm 405 254 151 40.30470786094666 90 56 315 198 720 452
20QBT_45CYC_.0D1_.4D2_3.qasm 180 95 85 33.937268781661984 0 0 180 95 360 190
20QBT_45CYC_.6D1_.1D2_9.qasm 585 72 513 25.999091053009032 540 36 45 36 630 108
20QBT_45CYC_.5D1_.2D2_0.qasm 540 147 393 17.138193607330322 450 64 90 83 630 230
20QBT_45CYC_.2D1_.3D2_3.qasm 315 168 147 11.940289449691772 180 72 135 96 450 264
20QBT_45CYC_.3D1_.3D2_7.qasm 405 184 221 13.336558723449707 270 76 135 108 540 292
20QBT_45CYC_.1D1_.3D2_8.qasm 225 136 89 16.807736301422118 90 40 135 96 360 232
20QBT_45CYC_.3D1_.2D2_3.qasm 360 144 216 7.715265130996704 270 65 90 79 450 223
20QBT_45CYC_.2D1_.2D2_0.qasm 270 117 153 8.032328510284424 180 48 90 69 360 186
20QBT_45CYC_.1D1_.7D2_6.qasm 405 281 124 43.797885513305665 90 62 315 219 720 500
20QBT_45CYC_.4D1_.2D2_8.qasm 450 125 325 15.510997295379639 360 54 90 71 540 196
20QBT_45CYC_.2D1_.6D2_9.qasm 450 253 197 29.213516235351562 180 78 270 175 720 428
20QBT_45CYC_.4D1_.3D2_8.qasm 495 174 321 18.142867755889892 360 76 135 98 630 272
20QBT_45CYC_.2D1_.2D2_2.qasm 270 98 172 9.089561271667481 180 38 90 60 360 158
20QBT_45CYC_.0D1_.3D2_5.qasm 135 77 58 23.482908296585084 0 0 135 77 270 154
20QBT_45CYC_.5D1_.1D2_2.qasm 495 65 430 16.323330688476563 450 34 45 31 540 96
20QBT_45CYC_.0D1_.3D2_8.qasm 135 80 55 20.337158203125 0 0 135 80 270 160
20QBT_45CYC_.1D1_.1D2_4.qasm 135 59 76 2.7629203319549562 90 26 45 33 180 92
20QBT_45CYC_.1D1_.7D2_9.qasm 405 298 107 35.51165919303894 90 66 315 232 720 530
20QBT_45CYC_.3D1_.4D2_1.qasm 450 214 236 17.47333445549011 270 89 180 125 630 339
20QBT_45CYC_.5D1_.3D2_9.qasm 585 183 402 21.642661571502686 450 76 135 107 720 290
20QBT_45CYC_.7D1_.1D2_7.qasm 675 64 611 39.252169609069824 630 30 45 34 720 98
20QBT_45CYC_.4D1_.2D2_5.qasm 450 121 329 11.588107538223266 360 50 90 71 540 192
20QBT_45CYC_.1D1_.4D2_2.qasm 270 177 93 14.696848297119141 90 54 180 123 450 300
20QBT_45CYC_.3D1_.3D2_3.qasm 405 200 205 14.037255811691285 270 89 135 111 540 311
20QBT_45CYC_.4D1_.3D2_5.qasm 495 193 302 15.963229846954345 360 86 135 107 630 300
20QBT_45CYC_.1D1_.6D2_5.qasm 360 233 127 27.031860542297363 90 54 270 179 630 412
20QBT_45CYC_.0D1_.4D2_8.qasm 180 125 55 34.02819852828979 0 0 180 125 360 250
20QBT_45CYC_.0D1_.8D2_4.qasm 360 211 149 83.94867663383484 0 0 360 211 720 422
20QBT_45CYC_.0D1_.1D2_2.qasm 45 24 21 0.8850914478302002 0 0 45 24 90 47
20QBT_45CYC_.0D1_.4D2_5.qasm 180 110 70 24.30374484062195 0 0 180 110 360 220
20QBT_45CYC_.2D1_.6D2_0.qasm 450 269 181 23.008219385147093 180 88 270 181 720 450
20QBT_45CYC_.3D1_.1D2_7.qasm 315 81 234 5.224258136749268 270 44 45 37 360 118
20QBT_45CYC_.5D1_.1D2_1.qasm 495 65 430 15.865715408325196 450 32 45 33 540 98
20QBT_45CYC_.2D1_.1D2_1.qasm 225 72 153 4.136968517303467 180 30 45 42 270 114
20QBT_45CYC_.1D1_.4D2_7.qasm 270 192 78 19.20980558395386 90 51 180 141 450 334
20QBT_45CYC_.1D1_.6D2_3.qasm 360 242 118 35.75153694152832 90 60 270 182 630 425
20QBT_45CYC_.4D1_.1D2_3.qasm 405 66 339 10.203559160232544 360 28 45 38 450 104
20QBT_45CYC_.0D1_.1D2_6.qasm 45 19 26 0.32302494049072267 0 0 45 19 90 38
20QBT_45CYC_.3D1_.2D2_7.qasm 360 145 215 8.242932176589965 270 62 90 83 450 228
20QBT_45CYC_.6D1_.1D2_0.qasm 585 71 514 25.850319576263427 540 36 45 35 630 106
20QBT_45CYC_.1D1_.1D2_1.qasm 135 83 52 1.8403028488159179 90 42 45 41 180 124
20QBT_45CYC_.7D1_.1D2_3.qasm 675 69 606 38.98529100418091 630 34 45 35 720 104
20QBT_45CYC_.4D1_.1D2_2.qasm 405 72 333 9.847004747390747 360 30 45 42 450 114
20QBT_45CYC_.3D1_.3D2_8.qasm 405 200 205 11.167318105697632 270 86 135 114 540 314
20QBT_45CYC_.7D1_.1D2_4.qasm 675 66 609 40.16178240776062 630 33 45 33 720 99
20QBT_45CYC_.0D1_.6D2_3.qasm 270 175 95 66.8213348865509 0 0 270 175 540 350
20QBT_45CYC_.2D1_.3D2_6.qasm 315 161 154 12.107744216918945 180 64 135 97 450 258
20QBT_45CYC_.0D1_.8D2_7.qasm 360 197 163 67.50505352020264 0 0 360 197 720 394
20QBT_45CYC_.3D1_.5D2_3.qasm 495 256 239 24.72783694267273 270 86 225 170 720 426
20QBT_45CYC_.5D1_.2D2_8.qasm 540 142 398 16.638528680801393 450 64 90 78 630 220
20QBT_45CYC_.4D1_.4D2_5.qasm 540 237 303 21.897424507141114 360 94 180 143 720 380
20QBT_45CYC_.5D1_.2D2_6.qasm 540 136 404 18.799584102630615 450 60 90 76 630 212
20QBT_45CYC_.6D1_.2D2_6.qasm 630 153 477 25.79301691055298 540 72 90 81 720 234
20QBT_45CYC_.0D1_.1D2_0.qasm 45 23 22 0.3531348705291748 0 0 45 23 90 46
20QBT_45CYC_.0D1_.1D2_9.qasm 45 13 32 0.1467609405517578 0 0 45 13 90 26
20QBT_45CYC_.4D1_.4D2_1.qasm 540 223 317 21.58780837059021 360 82 180 141 720 364
20QBT_45CYC_.3D1_.2D2_4.qasm 360 140 220 10.00363073348999 270 64 90 76 450 216
20QBT_45CYC_.6D1_.1D2_5.qasm 585 75 510 25.339193439483644 540 32 45 43 630 118
20QBT_45CYC_.4D1_.3D2_7.qasm 495 184 311 16.458394527435303 360 78 135 106 630 290
20QBT_45CYC_.3D1_.4D2_6.qasm 450 249 201 18.478122615814208 270 104 180 145 630 394
20QBT_45CYC_.3D1_.1D2_1.qasm 315 79 236 5.181145668029785 270 40 45 39 360 118
20QBT_45CYC_.2D1_.4D2_2.qasm 360 232 128 15.377565479278564 180 82 180 150 540 382
20QBT_45CYC_.2D1_.4D2_7.qasm 360 207 153 19.05169620513916 180 74 180 133 540 340
20QBT_45CYC_.0D1_.6D2_6.qasm 270 145 125 47.339666748046874 0 0 270 145 540 290
20QBT_45CYC_.1D1_.7D2_0.qasm 405 296 109 37.43770427703858 90 58 315 238 720 534
20QBT_45CYC_.1D1_.2D2_9.qasm 180 104 76 6.936108779907227 90 30 90 74 270 178
20QBT_45CYC_.6D1_.1D2_7.qasm 585 64 521 25.750445747375487 540 30 45 34 630 98
20QBT_45CYC_.4D1_.2D2_6.qasm 450 144 306 13.022971487045288 360 66 90 78 540 222
20QBT_45CYC_.3D1_.4D2_4.qasm 450 235 215 18.797412109375 270 92 180 143 630 378
20QBT_45CYC_.1D1_.1D2_7.qasm 135 57 78 1.983507251739502 90 26 45 31 180 88
20QBT_45CYC_.4D1_.1D2_1.qasm 405 81 324 10.358364295959472 360 42 45 39 450 120
20QBT_45CYC_.4D1_.1D2_6.qasm 405 73 332 9.393144130706787 360 36 45 37 450 110
20QBT_45CYC_.1D1_.5D2_2.qasm 315 211 104 23.18844108581543 90 47 225 164 540 375
20QBT_45CYC_.4D1_.2D2_2.qasm 450 128 322 11.421495628356933 360 52 90 76 540 204
20QBT_45CYC_.5D1_.1D2_0.qasm 495 89 406 15.753604412078857 450 48 45 41 540 130
20QBT_45CYC_.1D1_.6D2_1.qasm 360 218 142 36.1949061870575 90 44 270 174 630 393
20QBT_45CYC_.0D1_.3D2_1.qasm 135 88 47 17.193273401260377 0 0 135 88 270 176
20QBT_45CYC_.4D1_.2D2_0.qasm 450 154 296 12.407683324813842 360 74 90 80 540 234
20QBT_45CYC_.6D1_.2D2_8.qasm 630 145 485 26.993361377716063 540 68 90 77 720 222
20QBT_45CYC_.0D1_.2D2_1.qasm 90 53 37 9.295484352111817 0 0 90 53 180 106
20QBT_45CYC_.1D1_.7D2_3.qasm 405 257 148 34.80241417884827 90 50 315 207 720 464
20QBT_45CYC_.2D1_.1D2_9.qasm 225 77 148 3.1580613613128663 180 42 45 35 270 112
20QBT_45CYC_.0D1_.7D2_3.qasm 315 189 126 73.45615043640137 0 0 315 189 630 378
20QBT_45CYC_.0D1_.7D2_9.qasm 315 180 135 71.73236742019654 0 0 315 180 630 360
20QBT_45CYC_.6D1_.2D2_9.qasm 630 138 492 26.115122079849243 540 66 90 72 720 210
20QBT_45CYC_.1D1_.3D2_7.qasm 225 149 76 15.877007436752319 90 54 135 95 360 244
20QBT_45CYC_.5D1_.1D2_4.qasm 495 59 436 16.341428327560426 450 26 45 33 540 92
20QBT_45CYC_.3D1_.5D2_5.qasm 495 266 229 20.793589973449706 270 106 225 160 720 426
20QBT_45CYC_.3D1_.4D2_3.qasm 450 197 253 20.94394245147705 270 78 180 119 630 316
20QBT_45CYC_.1D1_.2D2_3.qasm 180 105 75 5.9846193313598635 90 40 90 65 270 170
20QBT_45CYC_.5D1_.1D2_7.qasm 495 83 412 14.934098863601685 450 40 45 43 540 126
20QBT_45CYC_.1D1_.7D2_8.qasm 405 275 130 34.57642941474914 90 57 315 218 720 493
20QBT_45CYC_.4D1_.4D2_8.qasm 540 239 301 24.982271480560303 360 102 180 137 720 376
20QBT_45CYC_.2D1_.1D2_5.qasm 225 63 162 3.056909608840942 180 30 45 33 270 96
20QBT_45CYC_.1D1_.4D2_0.qasm 270 164 106 14.524386644363403 90 48 180 116 450 280
20QBT_45CYC_.1D1_.5D2_6.qasm 315 201 114 24.982850551605225 90 42 225 159 540 360
20QBT_45CYC_.4D1_.4D2_2.qasm 540 240 300 21.658514070510865 360 96 180 144 720 383
20QBT_45CYC_.1D1_.4D2_5.qasm 270 170 100 16.278644609451295 90 44 180 126 450 296
20QBT_45CYC_.0D1_.3D2_3.qasm 135 86 49 21.389193630218507 0 0 135 86 270 172
20QBT_45CYC_.1D1_.1D2_2.qasm 135 55 80 2.1285547256469726 90 27 45 28 180 82
20QBT_45CYC_.2D1_.5D2_2.qasm 405 245 160 24.436501598358156 180 85 225 160 630 405
20QBT_45CYC_.4D1_.2D2_3.qasm 450 124 326 12.750686979293823 360 54 90 70 540 194
20QBT_45CYC_.0D1_.7D2_0.qasm 315 171 144 56.57055850028992 0 0 315 171 630 342
20QBT_45CYC_.1D1_.4D2_3.qasm 270 168 102 22.761266422271728 90 40 180 128 450 296
20QBT_45CYC_.2D1_.4D2_9.qasm 360 183 177 22.07625021934509 180 64 180 119 540 302
20QBT_45CYC_.0D1_.4D2_2.qasm 180 92 88 27.606960344314576 0 0 180 92 360 184
20QBT_45CYC_.2D1_.2D2_1.qasm 270 130 140 8.864601612091064 180 54 90 76 360 206
20QBT_45CYC_.0D1_.2D2_9.qasm 90 40 50 7.705620765686035 0 0 90 40 180 79
20QBT_45CYC_.1D1_.3D2_1.qasm 225 144 81 12.741278505325317 90 43 135 101 360 246
20QBT_45CYC_.0D1_.6D2_0.qasm 270 148 122 58.310447216033936 0 0 270 148 540 295
20QBT_45CYC_.0D1_.6D2_7.qasm 270 165 105 51.77958660125732 0 0 270 165 540 330
20QBT_45CYC_.0D1_.6D2_2.qasm 270 160 110 50.76588068008423 0 0 270 160 540 321
20QBT_45CYC_.1D1_.2D2_5.qasm 180 106 74 6.629061698913574 90 36 90 70 270 176
20QBT_45CYC_.4D1_.1D2_9.qasm 405 56 349 9.752926349639893 360 24 45 32 450 88
20QBT_45CYC_.1D1_.3D2_5.qasm 225 148 77 10.791922616958619 90 46 135 102 360 250
20QBT_45CYC_.0D1_.3D2_2.qasm 135 80 55 20.71658034324646 0 0 135 80 270 160
20QBT_45CYC_.1D1_.4D2_4.qasm 270 171 99 18.85954933166504 90 52 180 119 450 290
20QBT_45CYC_.1D1_.7D2_2.qasm 405 239 166 41.414699459075926 90 50 315 189 720 428
20QBT_45CYC_.3D1_.1D2_6.qasm 315 55 260 5.526018285751343 270 24 45 31 360 86
20QBT_45CYC_.0D1_.8D2_5.qasm 360 207 153 69.07987594604492 0 0 360 207 720 414
20QBT_45CYC_.6D1_.2D2_0.qasm 630 133 497 26.36085138320923 540 62 90 71 720 204
20QBT_45CYC_.0D1_.7D2_4.qasm 315 182 133 71.92806015014648 0 0 315 182 630 364
20QBT_45CYC_.6D1_.1D2_4.qasm 585 65 520 25.993586778640747 540 32 45 33 630 98
20QBT_45CYC_.3D1_.2D2_0.qasm 360 121 239 10.00339150428772 270 52 90 69 450 190
20QBT_45CYC_.0D1_.1D2_7.qasm 45 21 24 0.5280080795288086 0 0 45 21 90 42
20QBT_45CYC_.5D1_.3D2_0.qasm 585 191 394 21.565303325653076 450 80 135 111 720 302
20QBT_45CYC_.4D1_.3D2_6.qasm 495 189 306 12.624476194381714 360 84 135 105 630 294
20QBT_45CYC_.4D1_.3D2_4.qasm 495 188 307 18.675949001312254 360 84 135 104 630 292
20QBT_45CYC_.3D1_.3D2_1.qasm 405 176 229 11.254422998428344 270 74 135 102 540 277
20QBT_45CYC_.2D1_.6D2_8.qasm 450 268 182 32.66744933128357 180 76 270 192 720 460
20QBT_45CYC_.3D1_.4D2_0.qasm 450 237 213 18.067656755447388 270 96 180 141 630 378
20QBT_45CYC_.6D1_.2D2_1.qasm 630 138 492 24.58296217918396 540 62 90 76 720 214
20QBT_45CYC_.5D1_.2D2_4.qasm 540 132 408 18.11098380088806 450 62 90 70 630 202
20QBT_45CYC_.2D1_.2D2_8.qasm 270 120 150 8.284379768371583 180 48 90 72 360 192
20QBT_45CYC_.4D1_.4D2_0.qasm 540 231 309 17.593706798553466 360 88 180 143 720 374
20QBT_45CYC_.4D1_.2D2_9.qasm 450 154 296 11.21986494064331 360 70 90 84 540 238
20QBT_45CYC_.2D1_.5D2_1.qasm 405 245 160 19.689131355285646 180 78 225 167 630 412
20QBT_45CYC_.5D1_.1D2_8.qasm 495 65 430 16.752153587341308 450 34 45 31 540 96
20QBT_45CYC_.2D1_.3D2_8.qasm 315 186 129 10.186257648468018 180 74 135 112 450 298
20QBT_45CYC_.0D1_.5D2_2.qasm 225 122 103 46.03029494285583 0 0 225 122 450 244
20QBT_45CYC_.3D1_.1D2_5.qasm 315 82 233 5.09216570854187 270 46 45 36 360 118
20QBT_45CYC_.0D1_.5D2_5.qasm 225 128 97 39.19682035446167 0 0 225 128 450 256
20QBT_45CYC_.3D1_.4D2_2.qasm 450 225 225 18.584247493743895 270 88 180 137 630 362
20QBT_45CYC_.3D1_.3D2_0.qasm 405 189 216 14.01417293548584 270 84 135 105 540 294
20QBT_45CYC_.3D1_.4D2_5.qasm 450 205 245 18.736515474319457 270 71 180 134 630 339
20QBT_45CYC_.2D1_.4D2_1.qasm 360 221 139 14.149799394607545 180 81 180 140 540 361
20QBT_45CYC_.1D1_.6D2_9.qasm 360 221 139 32.93289051055908 90 54 270 167 630 389
20QBT_45CYC_.3D1_.2D2_9.qasm 360 114 246 8.979916334152222 270 50 90 64 450 178
20QBT_45CYC_.5D1_.3D2_5.qasm 585 211 374 21.260123443603515 450 92 135 119 720 330
20QBT_45CYC_.1D1_.2D2_6.qasm 180 95 85 7.36028413772583 90 38 90 57 270 152
20QBT_45CYC_.3D1_.1D2_4.qasm 315 72 243 5.228724956512451 270 38 45 34 360 106
20QBT_45CYC_.4D1_.3D2_0.qasm 495 190 305 19.459854745864867 360 84 135 106 630 296
20QBT_45CYC_.6D1_.1D2_8.qasm 585 81 504 24.824552488327026 540 40 45 41 630 122
20QBT_45CYC_.2D1_.5D2_8.qasm 405 251 154 19.718017244338988 180 80 225 171 630 422
20QBT_45CYC_.6D1_.1D2_3.qasm 585 70 515 26.439569091796876 540 36 45 34 630 104
20QBT_45CYC_.6D1_.2D2_7.qasm 630 136 494 27.582894325256348 540 58 90 78 720 214
20QBT_45CYC_.0D1_.8D2_8.qasm 360 203 157 67.9096396446228 0 0 360 203 720 406
20QBT_45CYC_.6D1_.2D2_4.qasm 630 141 489 26.335319805145264 540 66 90 75 720 215
20QBT_45CYC_.4D1_.2D2_4.qasm 450 141 309 12.783248662948608 360 64 90 77 540 218
20QBT_45CYC_.0D1_.2D2_2.qasm 90 60 30 11.191472578048707 0 0 90 60 180 120
20QBT_45CYC_.0D1_.1D2_3.qasm 45 22 23 0.26128358840942384 0 0 45 22 90 44
20QBT_45CYC_.2D1_.5D2_9.qasm 405 254 151 24.808497190475464 180 86 225 168 630 422
20QBT_45CYC_.4D1_.1D2_8.qasm 405 63 342 10.847103786468505 360 26 45 37 450 100
20QBT_45CYC_.1D1_.3D2_2.qasm 225 141 84 10.602952575683593 90 44 135 97 360 237
20QBT_45CYC_.0D1_.8D2_1.qasm 360 195 165 67.06501665115357 0 0 360 195 720 390
20QBT_45CYC_.5D1_.1D2_5.qasm 495 84 411 15.813825511932373 450 44 45 40 540 124
20QBT_45CYC_.0D1_.5D2_9.qasm 225 129 96 47.03949203491211 0 0 225 129 450 258
20QBT_45CYC_.2D1_.3D2_0.qasm 315 164 151 9.351618528366089 180 64 135 100 450 264
20QBT_45CYC_.0D1_.1D2_4.qasm 45 28 17 0.6139304161071777 0 0 45 28 90 56
20QBT_45CYC_.5D1_.3D2_3.qasm 585 182 403 22.033562994003297 450 74 135 108 720 290
20QBT_45CYC_.2D1_.3D2_9.qasm 315 149 166 9.882465410232545 180 55 135 94 450 243
20QBT_45CYC_.3D1_.2D2_5.qasm 360 134 226 10.23801565170288 270 59 90 75 450 209
20QBT_45CYC_.5D1_.2D2_1.qasm 540 124 416 18.39619026184082 450 60 90 63 630 187
