20QBT_45CYC_.1D1_.4D2_6.qasm 270 193 77 5.008305788040161 90 52 180 141 45 37
20QBT_45CYC_.3D1_.1D2_9.qasm 315 72 243 0.9445061683654785 270 36 45 36 45 19
20QBT_45CYC_.0D1_.6D2_1.qasm 270 180 90 19.632885456085205 0 0 270 180 45 39
20QBT_45CYC_.0D1_.1D2_1.qasm 45 26 19 0.1847069263458252 0 0 45 26 45 22
20QBT_45CYC_.0D1_.6D2_5.qasm 270 157 113 15.00241994857788 0 0 270 157 45 34
20QBT_45CYC_.2D1_.6D2_7.qasm 450 284 166 9.028633832931519 180 90 270 194 45 43
20QBT_45CYC_.0D1_.2D2_3.qasm 90 52 38 3.4468729496002197 0 0 90 52 45 15
20QBT_45CYC_.0D1_.2D2_6.qasm 90 53 37 2.824463129043579 0 0 90 53 45 16
20QBT_45CYC_.3D1_.2D2_2.qasm 360 130 230 2.673006296157837 270 60 90 70 45 22
20QBT_45CYC_.0D1_.3D2_0.qasm 135 82 53 7.492280006408691 0 0 135 82 45 26
20QBT_45CYC_.7D1_.1D2_0.qasm 675 77 598 1.7732155323028564 630 38 45 39 45 21
20QBT_45CYC_.0D1_.5D2_0.qasm 225 122 103 38.59968328475952 0 0 225 122 45 32
20QBT_45CYC_.5D1_.2D2_7.qasm 540 145 395 12.181484699249268 450 68 90 77 45 28
20QBT_45CYC_.2D1_.2D2_4.qasm 270 136 134 2.821593999862671 180 60 90 76 45 26
20QBT_45CYC_.1D1_.7D2_7.qasm 405 263 142 16.137221813201904 90 52 315 211 45 43
20QBT_45CYC_.1D1_.5D2_7.qasm 315 213 102 6.642539024353027 90 48 225 165 45 40
20QBT_45CYC_.1D1_.5D2_0.qasm 315 208 107 8.242485761642456 90 54 225 154 45 39
20QBT_45CYC_.4D1_.4D2_4.qasm 540 244 296 5.018966436386108 360 100 180 144 45 45
20QBT_45CYC_.3D1_.1D2_2.qasm 315 67 248 0.9018585681915283 270 38 45 29 45 21
20QBT_45CYC_.4D1_.4D2_6.qasm 540 221 319 6.415298223495483 360 88 180 133 45 39
20QBT_45CYC_.4D1_.4D2_3.qasm 540 213 327 15.72979736328125 360 92 180 121 45 41
20QBT_45CYC_.0D1_.5D2_3.qasm 225 138 87 14.834226608276367 0 0 225 138 45 33
20QBT_45CYC_.2D1_.6D2_6.qasm 450 279 171 8.49072003364563 180 92 270 187 45 45
20QBT_45CYC_.2D1_.6D2_2.qasm 450 263 187 6.4727184772491455 180 82 270 181 45 42
20QBT_45CYC_.1D1_.1D2_5.qasm 135 66 69 0.7922155857086182 90 34 45 32 45 14
20QBT_45CYC_.2D1_.2D2_7.qasm 270 121 149 2.3153069019317627 180 44 90 77 45 26
20QBT_45CYC_.7D1_.1D2_1.qasm 675 76 599 1.743952989578247 630 38 45 38 45 24
20QBT_45CYC_.3D1_.2D2_6.qasm 360 113 247 2.226011276245117 270 42 90 71 45 24
20QBT_45CYC_.1D1_.6D2_6.qasm 360 241 119 8.422940731048584 90 58 270 183 45 41
20QBT_45CYC_.0D1_.2D2_8.qasm 90 62 28 2.7462942600250244 0 0 90 62 45 24
20QBT_45CYC_.3D1_.4D2_8.qasm 450 254 196 6.164676666259766 270 108 180 146 45 41
20QBT_45CYC_.3D1_.2D2_1.qasm 360 139 221 11.380348682403564 270 62 90 77 45 25
20QBT_45CYC_.0D1_.3D2_4.qasm 135 85 50 4.829030990600586 0 0 135 85 45 25
20QBT_45CYC_.1D1_.6D2_7.qasm 360 237 123 12.168639183044434 90 56 270 181 45 42
20QBT_45CYC_.0D1_.2D2_0.qasm 90 54 36 2.328399181365967 0 0 90 54 45 20
20QBT_45CYC_.3D1_.5D2_0.qasm 495 274 221 4.817133665084839 270 104 225 170 45 47
20QBT_45CYC_.1D1_.6D2_4.qasm 360 226 134 9.953733205795288 90 50 270 176 45 40
20QBT_45CYC_.3D1_.5D2_8.qasm 495 239 256 6.2165162563323975 270 86 225 153 45 45
20QBT_45CYC_.2D1_.3D2_7.qasm 315 167 148 5.242459058761597 180 56 135 111 45 31
20QBT_45CYC_.0D1_.7D2_8.qasm 315 179 136 72.82395315170288 0 0 315 179 45 37
20QBT_45CYC_.4D1_.2D2_1.qasm 450 134 316 2.4335901737213135 360 60 90 74 45 27
20QBT_45CYC_.5D1_.3D2_7.qasm 585 191 394 3.9084255695343018 450 82 135 109 45 40
20QBT_45CYC_.1D1_.2D2_4.qasm 180 128 52 3.2010350227355957 90 50 90 78 45 26
20QBT_45CYC_.0D1_.3D2_9.qasm 135 41 94 4.057618618011475 0 0 135 41 45 12
20QBT_45CYC_.2D1_.4D2_4.qasm 360 212 148 5.049668550491333 180 78 180 134 45 35
20QBT_45CYC_.3D1_.3D2_9.qasm 405 198 207 4.705858469009399 270 86 135 112 45 34
20QBT_45CYC_.2D1_.5D2_6.qasm 405 266 139 6.809214115142822 180 98 225 168 45 43
20QBT_45CYC_.2D1_.2D2_3.qasm 270 113 157 7.370244741439819 180 50 90 63 45 29
20QBT_45CYC_.0D1_.6D2_8.qasm 270 152 118 17.821381092071533 0 0 270 152 45 37
20QBT_45CYC_.4D1_.3D2_2.qasm 495 187 308 4.942161321640015 360 76 135 111 45 35
20QBT_45CYC_.5D1_.3D2_1.qasm 585 193 392 13.601914405822754 450 86 135 107 45 33
20QBT_45CYC_.1D1_.5D2_5.qasm 315 223 92 8.389345645904541 90 60 225 163 45 37
20QBT_45CYC_.0D1_.3D2_7.qasm 135 78 57 5.812171220779419 0 0 135 78 45 25
20QBT_45CYC_.5D1_.3D2_2.qasm 585 180 405 3.670119524002075 450 76 135 104 45 35
20QBT_45CYC_.0D1_.8D2_3.qasm 360 195 165 24.56414771080017 0 0 360 195 45 43
20QBT_45CYC_.7D1_.1D2_2.qasm 675 69 606 7.464627027511597 630 32 45 37 45 19
20QBT_45CYC_.1D1_.3D2_4.qasm 225 160 65 2.358116865158081 90 48 135 112 45 29
20QBT_45CYC_.2D1_.4D2_8.qasm 360 204 156 6.701536417007446 180 70 180 134 45 36
20QBT_45CYC_.1D1_.7D2_1.qasm 405 243 162 11.487654209136963 90 58 315 185 45 44
20QBT_45CYC_.2D1_.2D2_5.qasm 270 128 142 2.2299399375915527 180 54 90 74 45 25
20QBT_45CYC_.3D1_.3D2_2.qasm 405 201 204 3.4869801998138428 270 90 135 111 45 35
20QBT_45CYC_.3D1_.4D2_7.qasm 450 231 219 4.815754413604736 270 96 180 135 45 39
20QBT_45CYC_.2D1_.5D2_7.qasm 405 249 156 7.116748094558716 180 84 225 165 45 42
20QBT_45CYC_.0D1_.6D2_4.qasm 270 168 102 15.578041076660156 0 0 270 168 45 41
20QBT_45CYC_.1D1_.1D2_3.qasm 135 56 79 0.6763873100280762 90 24 45 32 45 22
20QBT_45CYC_.0D1_.2D2_5.qasm 90 54 36 3.4180920124053955 0 0 90 54 45 17
20QBT_45CYC_.5D1_.2D2_3.qasm 540 159 381 2.6102538108825684 450 76 90 83 45 25
20QBT_45CYC_.2D1_.1D2_0.qasm 225 64 161 0.8734550476074219 180 30 45 34 45 18
20QBT_45CYC_.0D1_.6D2_9.qasm 270 179 91 16.43890070915222 0 0 270 179 45 41
20QBT_45CYC_.2D1_.3D2_5.qasm 315 168 147 3.5968000888824463 180 68 135 100 45 32
20QBT_45CYC_.5D1_.2D2_5.qasm 540 141 399 3.056720018386841 450 68 90 73 45 25
20QBT_45CYC_.2D1_.5D2_0.qasm 405 258 147 7.937371730804443 180 82 225 176 45 46
20QBT_45CYC_.1D1_.5D2_8.qasm 315 220 95 11.179847002029419 90 54 225 166 45 36
20QBT_45CYC_.0D1_.4D2_9.qasm 180 101 79 10.501209735870361 0 0 180 101 45 27
20QBT_45CYC_.4D1_.3D2_3.qasm 495 187 308 17.693573713302612 360 72 135 115 45 39
20QBT_45CYC_.0D1_.4D2_1.qasm 180 104 76 8.938308715820312 0 0 180 104 45 30
20QBT_45CYC_.5D1_.2D2_9.qasm 540 142 398 2.4555232524871826 450 66 90 76 45 25
20QBT_45CYC_.1D1_.4D2_1.qasm 270 191 79 6.415311098098755 90 52 180 139 45 39
20QBT_45CYC_.2D1_.1D2_8.qasm 225 59 166 0.998206615447998 180 28 45 31 45 25
20QBT_45CYC_.0D1_.7D2_7.qasm 315 177 138 17.30668592453003 0 0 315 177 45 37
20QBT_45CYC_.5D1_.3D2_4.qasm 585 174 411 16.88520860671997 450 74 135 100 45 32
20QBT_45CYC_.3D1_.3D2_6.qasm 405 191 214 3.8293676376342773 270 80 135 111 45 34
20QBT_45CYC_.2D1_.3D2_1.qasm 315 166 149 3.417551040649414 180 68 135 98 45 29
20QBT_45CYC_.5D1_.3D2_6.qasm 585 196 389 3.8775157928466797 450 82 135 114 45 34
20QBT_45CYC_.2D1_.1D2_6.qasm 225 77 148 0.9212863445281982 180 40 45 37 45 19
20QBT_45CYC_.1D1_.3D2_6.qasm 225 127 98 4.964231014251709 90 38 135 89 45 28
20QBT_45CYC_.6D1_.1D2_1.qasm 585 70 515 7.009384632110596 540 34 45 36 45 24
20QBT_45CYC_.3D1_.1D2_3.qasm 315 66 249 1.200223684310913 270 32 45 34 45 19
20QBT_45CYC_.0D1_.3D2_6.qasm 135 82 53 5.983600616455078 0 0 135 82 45 25
20QBT_45CYC_.1D1_.2D2_1.qasm 180 122 58 1.8468317985534668 90 42 90 80 45 37
20QBT_45CYC_.0D1_.1D2_5.qasm 45 15 30 0.09667301177978516 0 0 45 15 45 7
20QBT_45CYC_.3D1_.5D2_7.qasm 495 264 231 28.848684549331665 270 100 225 164 45 41
20QBT_45CYC_.4D1_.3D2_1.qasm 495 157 338 4.176308631896973 360 66 135 91 45 29
20QBT_45CYC_.0D1_.8D2_6.qasm 360 201 159 20.23173213005066 0 0 360 201 45 44
20QBT_45CYC_.5D1_.1D2_9.qasm 495 73 422 1.2705633640289307 450 36 45 37 45 16
20QBT_45CYC_.0D1_.5D2_1.qasm 225 121 104 8.908630609512329 0 0 225 121 45 34
20QBT_45CYC_.1D1_.4D2_9.qasm 270 160 110 5.578503608703613 90 46 180 114 45 31
20QBT_45CYC_.4D1_.2D2_7.qasm 450 139 311 3.068314552307129 360 64 90 75 45 31
20QBT_45CYC_.0D1_.4D2_7.qasm 180 113 67 11.714285373687744 0 0 180 113 45 34
20QBT_45CYC_.2D1_.6D2_1.qasm 450 257 193 6.1047749519348145 180 82 270 175 45 44
20QBT_45CYC_.1D1_.5D2_1.qasm 315 190 125 9.479588270187378 90 44 225 146 45 36
20QBT_45CYC_.0D1_.4D2_0.qasm 180 107 73 7.517873287200928 0 0 180 107 45 25
20QBT_45CYC_.1D1_.1D2_9.qasm 135 58 77 0.6807472705841064 90 28 45 30 45 16
20QBT_45CYC_.1D1_.3D2_9.qasm 225 142 83 5.108463764190674 90 42 135 100 45 28
20QBT_45CYC_.1D1_.4D2_8.qasm 270 170 100 5.884399890899658 90 46 180 124 45 32
20QBT_45CYC_.1D1_.2D2_0.qasm 180 111 69 1.8795979022979736 90 40 90 71 45 26
20QBT_45CYC_.5D1_.3D2_8.qasm 585 180 405 4.781843423843384 450 72 135 108 45 36
20QBT_45CYC_.5D1_.1D2_3.qasm 495 63 432 1.472804307937622 450 28 45 35 45 17
20QBT_45CYC_.0D1_.5D2_6.qasm 225 140 85 12.6108558177948 0 0 225 140 45 37
20QBT_45CYC_.3D1_.5D2_6.qasm 495 243 252 7.2428858280181885 270 92 225 151 45 42
20QBT_45CYC_.6D1_.2D2_2.qasm 630 129 501 2.5756685733795166 540 54 90 75 45 29
20QBT_45CYC_.3D1_.3D2_4.qasm 405 184 221 4.210368871688843 270 82 135 102 45 33
20QBT_45CYC_.4D1_.4D2_7.qasm 540 232 308 6.1153881549835205 360 90 180 142 45 38
20QBT_45CYC_.0D1_.8D2_9.qasm 360 203 157 83.0081799030304 0 0 360 203 45 43
20QBT_45CYC_.6D1_.2D2_3.qasm 630 104 526 2.6639344692230225 540 46 90 58 45 30
20QBT_45CYC_.1D1_.3D2_0.qasm 225 145 80 3.2002203464508057 90 46 135 99 45 31
20QBT_45CYC_.2D1_.4D2_5.qasm 360 230 130 4.298884153366089 180 82 180 148 45 41
20QBT_45CYC_.2D1_.2D2_9.qasm 270 101 169 2.333451271057129 180 40 90 61 45 25
20QBT_45CYC_.1D1_.7D2_5.qasm 405 265 140 9.388912200927734 90 64 315 201 45 41
20QBT_45CYC_.4D1_.4D2_9.qasm 540 238 302 4.806494951248169 360 106 180 132 45 40
20QBT_45CYC_.7D1_.1D2_9.qasm 675 69 606 1.7707102298736572 630 30 45 39 45 22
20QBT_45CYC_.0D1_.4D2_4.qasm 180 109 71 11.409091711044312 0 0 180 109 45 31
20QBT_45CYC_.3D1_.4D2_9.qasm 450 220 230 16.263052701950073 270 94 180 126 45 39
20QBT_45CYC_.2D1_.1D2_4.qasm 225 64 161 4.204984188079834 180 30 45 34 45 14
20QBT_45CYC_.1D1_.2D2_8.qasm 180 104 76 2.733765125274658 90 36 90 68 45 21
20QBT_45CYC_.1D1_.1D2_8.qasm 135 55 80 0.600102424621582 90 20 45 35 45 20
20QBT_45CYC_.0D1_.8D2_0.qasm 360 219 141 25.667077779769897 0 0 360 219 45 44
20QBT_45CYC_.2D1_.6D2_4.qasm 450 273 177 8.89052414894104 180 82 270 191 45 42
20QBT_45CYC_.2D1_.5D2_3.qasm 405 219 186 6.463419437408447 180 70 225 149 45 39
20QBT_45CYC_.6D1_.2D2_5.qasm 630 146 484 3.322115659713745 540 66 90 80 45 32
20QBT_45CYC_.0D1_.7D2_6.qasm 315 199 116 18.529545783996582 0 0 315 199 45 44
20QBT_45CYC_.7D1_.1D2_6.qasm 675 55 620 1.536529302597046 630 28 45 27 45 13
20QBT_45CYC_.0D1_.4D2_6.qasm 180 95 85 10.59429383277893 0 0 180 95 45 28
20QBT_45CYC_.1D1_.5D2_9.qasm 315 205 110 9.147882461547852 90 58 225 147 45 35
20QBT_45CYC_.2D1_.1D2_3.qasm 225 73 152 1.0752511024475098 180 36 45 37 45 27
20QBT_45CYC_.0D1_.5D2_8.qasm 225 155 70 13.275110006332397 0 0 225 155 45 38
20QBT_45CYC_.1D1_.6D2_2.qasm 360 226 134 13.166860818862915 90 48 270 178 45 41
20QBT_45CYC_.3D1_.2D2_8.qasm 360 138 222 10.830771446228027 270 64 90 74 45 25
20QBT_45CYC_.1D1_.6D2_0.qasm 360 239 121 10.464390516281128 90 58 270 181 45 42
20QBT_45CYC_.1D1_.3D2_3.qasm 225 149 76 3.014082670211792 90 50 135 99 45 28
20QBT_45CYC_.2D1_.3D2_4.qasm 315 162 153 12.644164800643921 180 62 135 100 45 32
20QBT_45CYC_.0D1_.5D2_7.qasm 225 147 78 16.097222328186035 0 0 225 147 45 34
20QBT_45CYC_.6D1_.1D2_2.qasm 585 75 510 1.6194822788238525 540 38 45 37 45 22
20QBT_45CYC_.4D1_.3D2_9.qasm 495 162 333 4.171729803085327 360 72 135 90 45 28
20QBT_45CYC_.0D1_.2D2_4.qasm 90 53 37 10.260986089706421 0 0 90 53 45 18
20QBT_45CYC_.3D1_.3D2_5.qasm 405 178 227 3.4984166622161865 270 78 135 100 45 33
20QBT_45CYC_.0D1_.2D2_7.qasm 90 52 38 2.0791308879852295 0 0 90 52 45 21
20QBT_45CYC_.2D1_.1D2_2.qasm 225 52 173 0.8437895774841309 180 20 45 32 45 20
20QBT_45CYC_.3D1_.5D2_4.qasm 495 275 220 7.9377923011779785 270 106 225 169 45 39
20QBT_45CYC_.0D1_.1D2_8.qasm 45 22 23 0.13056087493896484 0 0 45 22 45 13
20QBT_45CYC_.4D1_.1D2_7.qasm 405 67 338 1.1077954769134521 360 34 45 33 45 14
20QBT_45CYC_.2D1_.4D2_6.qasm 360 201 159 5.34540581703186 180 68 180 133 45 43
20QBT_45CYC_.3D1_.5D2_2.qasm 495 263 232 6.746694564819336 270 88 225 175 45 41
20QBT_45CYC_.1D1_.1D2_6.qasm 135 68 67 0.6159090995788574 90 34 45 34 45 17
20QBT_45CYC_.1D1_.2D2_2.qasm 180 89 91 2.8275022506713867 90 28 90 61 45 20
20QBT_45CYC_.3D1_.1D2_0.qasm 315 75 240 1.3258435726165771 270 36 45 39 45 26
20QBT_45CYC_.0D1_.7D2_2.qasm 315 180 135 21.316526412963867 0 0 315 180 45 45
20QBT_45CYC_.2D1_.3D2_2.qasm 315 144 171 3.0635619163513184 180 54 135 90 45 25
20QBT_45CYC_.3D1_.5D2_1.qasm 495 280 215 7.041913270950317 270 102 225 178 45 41
20QBT_45CYC_.3D1_.1D2_8.qasm 315 68 247 1.1296119689941406 270 36 45 32 45 26
20QBT_45CYC_.1D1_.6D2_8.qasm 360 232 128 10.11086630821228 90 58 270 174 45 36
20QBT_45CYC_.1D1_.5D2_3.qasm 315 224 91 6.631321668624878 90 58 225 166 45 40
20QBT_45CYC_.7D1_.1D2_8.qasm 675 58 617 1.3711848258972168 630 28 45 30 45 17
20QBT_45CYC_.0D1_.7D2_5.qasm 315 182 133 21.324012756347656 0 0 315 182 45 40
20QBT_45CYC_.5D1_.1D2_6.qasm 495 45 450 1.242539405822754 450 20 45 25 45 12
20QBT_45CYC_.7D1_.1D2_5.qasm 675 70 605 1.656613826751709 630 36 45 34 45 15
20QBT_45CYC_.3D1_.5D2_9.qasm 495 255 240 6.038970708847046 270 98 225 157 45 41
20QBT_45CYC_.4D1_.1D2_4.qasm 405 71 334 1.1467156410217285 360 34 45 37 45 21
20QBT_45CYC_.0D1_.8D2_2.qasm 360 201 159 20.94241237640381 0 0 360 201 45 46
20QBT_45CYC_.5D1_.2D2_2.qasm 540 130 410 11.719995975494385 450 56 90 74 45 32
20QBT_45CYC_.0D1_.5D2_4.qasm 225 141 84 43.10275650024414 0 0 225 141 45 38
20QBT_45CYC_.2D1_.6D2_5.qasm 450 269 181 5.905055522918701 180 94 270 175 45 42
20QBT_45CYC_.2D1_.1D2_7.qasm 225 75 150 1.016357660293579 180 36 45 39 45 28
20QBT_45CYC_.2D1_.2D2_6.qasm 270 118 152 2.566326856613159 180 46 90 72 45 27
20QBT_45CYC_.4D1_.1D2_0.qasm 405 63 342 1.3501508235931396 360 28 45 35 45 21
20QBT_45CYC_.6D1_.1D2_6.qasm 585 46 539 1.304506778717041 540 24 45 22 45 11
20QBT_45CYC_.2D1_.5D2_5.qasm 405 263 142 7.519453525543213 180 82 225 181 45 41
20QBT_45CYC_.1D1_.5D2_4.qasm 315 199 116 8.593116760253906 90 42 225 157 45 39
20QBT_45CYC_.2D1_.6D2_3.qasm 450 280 170 6.989453077316284 180 86 270 194 45 44
20QBT_45CYC_.1D1_.2D2_7.qasm 180 105 75 1.9508233070373535 90 42 90 63 45 28
20QBT_45CYC_.4D1_.1D2_5.qasm 405 65 340 1.4219863414764404 360 28 45 37 45 23
20QBT_45CYC_.2D1_.4D2_3.qasm 360 207 153 23.787471532821655 180 72 180 135 45 38
20QBT_45CYC_.1D1_.1D2_0.qasm 135 66 69 0.6529195308685303 90 28 45 38 45 25
20QBT_45CYC_.2D1_.4D2_0.qasm 360 218 142 4.121626377105713 180 82 180 136 45 38
20QBT_45CYC_.2D1_.5D2_4.qasm 405 236 169 6.7798802852630615 180 72 225 164 45 41
20QBT_45CYC_.0D1_.7D2_1.qasm 315 192 123 18.01984167098999 0 0 315 192 45 45
20QBT_45CYC_.1D1_.7D2_4.qasm 405 250 155 11.646836280822754 90 56 315 194 45 40
20QBT_45CYC_.0D1_.4D2_3.qasm 180 92 88 9.768326044082642 0 0 180 92 45 28
20QBT_45CYC_.6D1_.1D2_9.qasm 585 72 513 1.6445305347442627 540 36 45 36 45 22
20QBT_45CYC_.5D1_.2D2_0.qasm 540 150 390 2.6023075580596924 450 66 90 84 45 32
20QBT_45CYC_.2D1_.3D2_3.qasm 315 164 151 3.2287731170654297 180 70 135 94 45 29
20QBT_45CYC_.3D1_.3D2_7.qasm 405 182 223 3.5016379356384277 270 74 135 108 45 35
20QBT_45CYC_.1D1_.3D2_8.qasm 225 134 91 5.138808012008667 90 40 135 94 45 29
20QBT_45CYC_.3D1_.2D2_3.qasm 360 141 219 2.244236946105957 270 62 90 79 45 26
20QBT_45CYC_.2D1_.2D2_0.qasm 270 115 155 2.683159828186035 180 46 90 69 45 27
20QBT_45CYC_.1D1_.7D2_6.qasm 405 278 127 12.576590299606323 90 62 315 216 45 46
20QBT_45CYC_.4D1_.2D2_8.qasm 450 127 323 3.179516315460205 360 56 90 71 45 32
20QBT_45CYC_.2D1_.6D2_9.qasm 450 249 201 29.294899940490723 180 76 270 173 45 41
20QBT_45CYC_.4D1_.3D2_8.qasm 495 172 323 4.168825149536133 360 74 135 98 45 28
20QBT_45CYC_.2D1_.2D2_2.qasm 270 93 177 2.5127103328704834 180 34 90 59 45 23
20QBT_45CYC_.0D1_.3D2_5.qasm 135 76 59 6.771196603775024 0 0 135 76 45 18
20QBT_45CYC_.5D1_.1D2_2.qasm 495 65 430 5.919713020324707 450 34 45 31 45 21
20QBT_45CYC_.0D1_.3D2_8.qasm 135 78 57 5.864129066467285 0 0 135 78 45 20
20QBT_45CYC_.1D1_.1D2_4.qasm 135 59 76 0.7515747547149658 90 26 45 33 45 16
20QBT_45CYC_.1D1_.7D2_9.qasm 405 295 110 10.494260787963867 90 66 315 229 45 44
20QBT_45CYC_.3D1_.4D2_1.qasm 450 213 237 4.572377920150757 270 88 180 125 45 34
20QBT_45CYC_.5D1_.3D2_9.qasm 585 182 403 3.7502894401550293 450 76 135 106 45 41
20QBT_45CYC_.7D1_.1D2_7.qasm 675 62 613 1.529029369354248 630 28 45 34 45 17
20QBT_45CYC_.4D1_.2D2_5.qasm 450 115 335 2.7524259090423584 360 46 90 69 45 31
20QBT_45CYC_.1D1_.4D2_2.qasm 270 175 95 4.406501770019531 90 52 180 123 45 33
20QBT_45CYC_.3D1_.3D2_3.qasm 405 199 206 3.62784743309021 270 88 135 111 45 34
20QBT_45CYC_.4D1_.3D2_5.qasm 495 189 306 3.6174373626708984 360 82 135 107 45 35
20QBT_45CYC_.1D1_.6D2_5.qasm 360 232 128 7.912628412246704 90 54 270 178 45 38
20QBT_45CYC_.0D1_.4D2_8.qasm 180 123 57 12.3003990650177 0 0 180 123 45 34
20QBT_45CYC_.0D1_.8D2_4.qasm 360 202 158 23.732085704803467 0 0 360 202 45 45
20QBT_45CYC_.0D1_.1D2_2.qasm 45 22 23 0.27883219718933105 0 0 45 22 45 15
20QBT_45CYC_.0D1_.4D2_5.qasm 180 108 72 7.177679777145386 0 0 180 108 45 25
20QBT_45CYC_.2D1_.6D2_0.qasm 450 267 183 8.297730922698975 180 88 270 179 45 42
20QBT_45CYC_.3D1_.1D2_7.qasm 315 77 238 1.081263780593872 270 40 45 37 45 23
20QBT_45CYC_.5D1_.1D2_1.qasm 495 63 432 1.3801352977752686 450 30 45 33 45 23
20QBT_45CYC_.2D1_.1D2_1.qasm 225 72 153 1.0105035305023193 180 30 45 42 45 25
20QBT_45CYC_.1D1_.4D2_7.qasm 270 190 80 6.4832868576049805 90 50 180 140 45 41
20QBT_45CYC_.1D1_.6D2_3.qasm 360 241 119 10.335566759109497 90 60 270 181 45 44
20QBT_45CYC_.4D1_.1D2_3.qasm 405 64 341 1.4009099006652832 360 26 45 38 45 19
20QBT_45CYC_.0D1_.1D2_6.qasm 45 19 26 0.0860133171081543 0 0 45 19 45 13
20QBT_45CYC_.3D1_.2D2_7.qasm 360 139 221 1.9116714000701904 270 58 90 81 45 25
20QBT_45CYC_.6D1_.1D2_0.qasm 585 71 514 1.3923516273498535 540 36 45 35 45 17
20QBT_45CYC_.1D1_.1D2_1.qasm 135 81 54 0.6893527507781982 90 42 45 39 45 21
20QBT_45CYC_.7D1_.1D2_3.qasm 675 62 613 1.6539528369903564 630 28 45 34 45 21
20QBT_45CYC_.4D1_.1D2_2.qasm 405 68 337 6.050674200057983 360 28 45 40 45 23
20QBT_45CYC_.3D1_.3D2_8.qasm 405 196 209 2.873650074005127 270 82 135 114 45 35
20QBT_45CYC_.7D1_.1D2_4.qasm 675 60 615 1.6354689598083496 630 30 45 30 45 19
20QBT_45CYC_.0D1_.6D2_3.qasm 270 175 95 19.571863651275635 0 0 270 175 45 37
20QBT_45CYC_.2D1_.3D2_6.qasm 315 159 156 3.271427631378174 180 64 135 95 45 31
20QBT_45CYC_.0D1_.8D2_7.qasm 360 197 163 19.78288722038269 0 0 360 197 45 43
20QBT_45CYC_.3D1_.5D2_3.qasm 495 259 236 6.643987417221069 270 88 225 171 45 42
20QBT_45CYC_.5D1_.2D2_8.qasm 540 132 408 10.048194408416748 450 56 90 76 45 27
20QBT_45CYC_.4D1_.4D2_5.qasm 540 233 307 5.387251615524292 360 90 180 143 45 38
20QBT_45CYC_.5D1_.2D2_6.qasm 540 129 411 11.814783573150635 450 56 90 73 45 30
20QBT_45CYC_.6D1_.2D2_6.qasm 630 149 481 2.7106969356536865 540 68 90 81 45 31
20QBT_45CYC_.0D1_.1D2_0.qasm 45 23 22 0.09817695617675781 0 0 45 23 45 15
20QBT_45CYC_.0D1_.1D2_9.qasm 45 13 32 0.03582501411437988 0 0 45 13 45 8
20QBT_45CYC_.4D1_.4D2_1.qasm 540 223 317 18.18646216392517 360 82 180 141 45 37
20QBT_45CYC_.3D1_.2D2_4.qasm 360 135 225 11.103391885757446 270 60 90 75 45 28
20QBT_45CYC_.6D1_.1D2_5.qasm 585 71 514 6.90107536315918 540 32 45 39 45 26
20QBT_45CYC_.4D1_.3D2_7.qasm 495 172 323 4.5167059898376465 360 68 135 104 45 30
20QBT_45CYC_.3D1_.4D2_6.qasm 450 247 203 5.053372383117676 270 102 180 145 45 39
20QBT_45CYC_.3D1_.1D2_1.qasm 315 79 236 1.105947494506836 270 40 45 39 45 29
20QBT_45CYC_.2D1_.4D2_2.qasm 360 226 134 7.169319152832031 180 78 180 148 45 36
20QBT_45CYC_.2D1_.4D2_7.qasm 360 205 155 5.483869314193726 180 74 180 131 45 43
20QBT_45CYC_.0D1_.6D2_6.qasm 270 140 130 16.411487102508545 0 0 270 140 45 37
20QBT_45CYC_.1D1_.7D2_0.qasm 405 295 110 11.03018307685852 90 58 315 237 45 47
20QBT_45CYC_.1D1_.2D2_9.qasm 180 100 80 1.9707016944885254 90 28 90 72 45 25
20QBT_45CYC_.6D1_.1D2_7.qasm 585 62 523 1.4963579177856445 540 32 45 30 45 12
20QBT_45CYC_.4D1_.2D2_6.qasm 450 142 308 11.433732271194458 360 64 90 78 45 31
20QBT_45CYC_.3D1_.4D2_4.qasm 450 230 220 5.132270574569702 270 88 180 142 45 40
20QBT_45CYC_.1D1_.1D2_7.qasm 135 57 78 0.6536698341369629 90 26 45 31 45 20
20QBT_45CYC_.4D1_.1D2_1.qasm 405 79 326 1.442058801651001 360 40 45 39 45 27
20QBT_45CYC_.4D1_.1D2_6.qasm 405 70 335 1.2073907852172852 360 34 45 36 45 16
20QBT_45CYC_.1D1_.5D2_2.qasm 315 208 107 6.621397018432617 90 46 225 162 45 39
20QBT_45CYC_.4D1_.2D2_2.qasm 450 126 324 2.935427665710449 360 50 90 76 45 26
20QBT_45CYC_.5D1_.1D2_0.qasm 495 84 411 1.5910115242004395 450 44 45 40 45 25
20QBT_45CYC_.1D1_.6D2_1.qasm 360 217 143 10.388654947280884 90 44 270 173 45 41
20QBT_45CYC_.0D1_.3D2_1.qasm 135 85 50 7.551386117935181 0 0 135 85 45 20
20QBT_45CYC_.4D1_.2D2_0.qasm 450 147 303 2.887636423110962 360 72 90 75 45 29
20QBT_45CYC_.6D1_.2D2_8.qasm 630 139 491 12.809505224227905 540 62 90 77 45 36
20QBT_45CYC_.0D1_.2D2_1.qasm 90 50 40 2.6069211959838867 0 0 90 50 45 14
20QBT_45CYC_.1D1_.7D2_3.qasm 405 257 148 10.1874840259552 90 50 315 207 45 42
20QBT_45CYC_.2D1_.1D2_9.qasm 225 69 156 0.8306350708007812 180 36 45 33 45 21
20QBT_45CYC_.0D1_.7D2_3.qasm 315 188 127 21.778425693511963 0 0 315 188 45 45
20QBT_45CYC_.0D1_.7D2_9.qasm 315 178 137 21.22554039955139 0 0 315 178 45 37
20QBT_45CYC_.6D1_.2D2_9.qasm 630 132 498 9.599431276321411 540 60 90 72 45 29
20QBT_45CYC_.1D1_.3D2_7.qasm 225 149 76 4.684522390365601 90 54 135 95 45 29
20QBT_45CYC_.5D1_.1D2_4.qasm 495 59 436 1.208655595779419 450 26 45 33 45 23
20QBT_45CYC_.3D1_.5D2_5.qasm 495 260 235 5.634280204772949 270 100 225 160 45 38
20QBT_45CYC_.3D1_.4D2_3.qasm 450 197 253 5.539888381958008 270 78 180 119 45 31
20QBT_45CYC_.1D1_.2D2_3.qasm 180 105 75 1.6942839622497559 90 40 90 65 45 19
20QBT_45CYC_.5D1_.1D2_7.qasm 495 75 420 1.6143596172332764 450 36 45 39 45 27
20QBT_45CYC_.1D1_.7D2_8.qasm 405 273 132 10.11327600479126 90 56 315 217 45 44
20QBT_45CYC_.4D1_.4D2_8.qasm 540 234 306 6.103548288345337 360 102 180 132 45 42
20QBT_45CYC_.2D1_.1D2_5.qasm 225 62 163 0.8457150459289551 180 30 45 32 45 17
20QBT_45CYC_.1D1_.4D2_0.qasm 270 162 108 5.289608955383301 90 48 180 114 45 34
20QBT_45CYC_.1D1_.5D2_6.qasm 315 201 114 7.440476655960083 90 42 225 159 45 39
20QBT_45CYC_.4D1_.4D2_2.qasm 540 238 302 18.445500373840332 360 96 180 142 45 40
20QBT_45CYC_.1D1_.4D2_5.qasm 270 168 102 7.427282810211182 90 44 180 124 45 33
20QBT_45CYC_.0D1_.3D2_3.qasm 135 86 49 6.244040489196777 0 0 135 86 45 22
20QBT_45CYC_.1D1_.1D2_2.qasm 135 53 82 0.623429536819458 90 26 45 27 45 17
20QBT_45CYC_.2D1_.5D2_2.qasm 405 240 165 6.994120121002197 180 82 225 158 45 40
20QBT_45CYC_.4D1_.2D2_3.qasm 450 118 332 2.745652914047241 360 50 90 68 45 32
20QBT_45CYC_.0D1_.7D2_0.qasm 315 172 143 16.805291891098022 0 0 315 172 45 42
20QBT_45CYC_.1D1_.4D2_3.qasm 270 164 106 6.4303178787231445 90 40 180 124 45 32
20QBT_45CYC_.2D1_.4D2_9.qasm 360 179 181 6.146233081817627 180 66 180 113 45 34
20QBT_45CYC_.0D1_.4D2_2.qasm 180 89 91 9.738399744033813 0 0 180 89 45 24
20QBT_45CYC_.2D1_.2D2_1.qasm 270 130 140 2.4118385314941406 180 54 90 76 45 29
20QBT_45CYC_.0D1_.2D2_9.qasm 90 39 51 2.20650577545166 0 0 90 39 45 15
20QBT_45CYC_.1D1_.3D2_1.qasm 225 143 82 3.2631378173828125 90 42 135 101 45 27
20QBT_45CYC_.0D1_.6D2_0.qasm 270 144 126 60.198976039886475 0 0 270 144 45 34
20QBT_45CYC_.0D1_.6D2_7.qasm 270 164 106 15.819547891616821 0 0 270 164 45 40
20QBT_45CYC_.0D1_.6D2_2.qasm 270 160 110 14.921019077301025 0 0 270 160 45 38
20QBT_45CYC_.1D1_.2D2_5.qasm 180 106 74 1.8761284351348877 90 36 90 70 45 26
20QBT_45CYC_.4D1_.1D2_9.qasm 405 51 354 1.2661659717559814 360 22 45 29 45 13
20QBT_45CYC_.1D1_.3D2_5.qasm 225 148 77 3.124192953109741 90 46 135 102 45 27
20QBT_45CYC_.0D1_.3D2_2.qasm 135 79 56 7.384212493896484 0 0 135 79 45 25
20QBT_45CYC_.1D1_.4D2_4.qasm 270 171 99 5.3631250858306885 90 52 180 119 45 31
20QBT_45CYC_.1D1_.7D2_2.qasm 405 235 170 11.957783460617065 90 50 315 185 45 46
20QBT_45CYC_.3D1_.1D2_6.qasm 315 51 264 0.8924593925476074 270 22 45 29 45 15
20QBT_45CYC_.0D1_.8D2_5.qasm 360 202 158 20.465863943099976 0 0 360 202 45 43
20QBT_45CYC_.6D1_.2D2_0.qasm 630 127 503 9.595674991607666 540 58 90 69 45 25
20QBT_45CYC_.0D1_.7D2_4.qasm 315 180 135 21.425180196762085 0 0 315 180 45 36
20QBT_45CYC_.6D1_.1D2_4.qasm 585 60 525 1.4379124641418457 540 28 45 32 45 25
20QBT_45CYC_.3D1_.2D2_0.qasm 360 121 239 2.7107484340667725 270 54 90 67 45 25
20QBT_45CYC_.0D1_.1D2_7.qasm 45 21 24 0.14519929885864258 0 0 45 21 45 10
20QBT_45CYC_.5D1_.3D2_0.qasm 585 191 394 3.9246840476989746 450 80 135 111 45 36
20QBT_45CYC_.4D1_.3D2_6.qasm 495 183 312 3.317218542098999 360 78 135 105 45 37
20QBT_45CYC_.4D1_.3D2_4.qasm 495 184 311 4.474942207336426 360 80 135 104 45 30
20QBT_45CYC_.3D1_.3D2_1.qasm 405 172 233 12.697194576263428 270 70 135 102 45 32
20QBT_45CYC_.2D1_.6D2_8.qasm 450 267 183 9.255897998809814 180 76 270 191 45 44
20QBT_45CYC_.3D1_.4D2_0.qasm 450 235 215 17.707056045532227 270 94 180 141 45 35
20QBT_45CYC_.6D1_.2D2_1.qasm 630 136 494 3.0778543949127197 540 64 90 72 45 30
20QBT_45CYC_.5D1_.2D2_4.qasm 540 130 410 2.391450881958008 450 60 90 70 45 27
20QBT_45CYC_.2D1_.2D2_8.qasm 270 120 150 2.188978910446167 180 48 90 72 45 25
20QBT_45CYC_.4D1_.4D2_0.qasm 540 225 315 5.315784454345703 360 86 180 139 45 39
20QBT_45CYC_.4D1_.2D2_9.qasm 450 147 303 3.3669450283050537 360 64 90 83 45 35
20QBT_45CYC_.2D1_.5D2_1.qasm 405 242 163 7.282556533813477 180 78 225 164 45 40
20QBT_45CYC_.5D1_.1D2_8.qasm 495 63 432 1.3050270080566406 450 32 45 31 45 18
20QBT_45CYC_.2D1_.3D2_8.qasm 315 186 129 2.747124671936035 180 74 135 112 45 31
20QBT_45CYC_.0D1_.5D2_2.qasm 225 120 105 13.607385396957397 0 0 225 120 45 33
20QBT_45CYC_.3D1_.1D2_5.qasm 315 68 247 4.818816184997559 270 34 45 34 45 17
20QBT_45CYC_.0D1_.5D2_5.qasm 225 127 98 39.59633493423462 0 0 225 127 45 28
20QBT_45CYC_.3D1_.4D2_2.qasm 450 225 225 4.773072719573975 270 88 180 137 45 39
20QBT_45CYC_.3D1_.3D2_0.qasm 405 188 217 15.979499578475952 270 84 135 104 45 34
20QBT_45CYC_.3D1_.4D2_5.qasm 450 202 248 22.165452003479004 270 70 180 132 45 37
20QBT_45CYC_.2D1_.4D2_1.qasm 360 220 140 5.154721260070801 180 80 180 140 45 37
20QBT_45CYC_.1D1_.6D2_9.qasm 360 220 140 9.45911955833435 90 54 270 166 45 38
20QBT_45CYC_.3D1_.2D2_9.qasm 360 112 248 2.0543134212493896 270 48 90 64 45 21
20QBT_45CYC_.5D1_.3D2_5.qasm 585 212 373 3.8893189430236816 450 94 135 118 45 37
20QBT_45CYC_.1D1_.2D2_6.qasm 180 91 89 2.060774564743042 90 36 90 55 45 18
20QBT_45CYC_.3D1_.1D2_4.qasm 315 72 243 0.9640977382659912 270 38 45 34 45 23
20QBT_45CYC_.4D1_.3D2_0.qasm 495 182 313 4.659362554550171 360 76 135 106 45 33
20QBT_45CYC_.6D1_.1D2_8.qasm 585 77 508 1.5559601783752441 540 36 45 41 45 23
20QBT_45CYC_.2D1_.5D2_8.qasm 405 250 155 5.532567501068115 180 78 225 172 45 41
20QBT_45CYC_.6D1_.1D2_3.qasm 585 66 519 1.5402216911315918 540 36 45 30 45 22
20QBT_45CYC_.6D1_.2D2_7.qasm 630 132 498 2.7002668380737305 540 56 90 76 45 32
20QBT_45CYC_.0D1_.8D2_8.qasm 360 197 163 67.08885598182678 0 0 360 197 45 44
20QBT_45CYC_.6D1_.2D2_4.qasm 630 134 496 3.1769216060638428 540 64 90 70 45 24
20QBT_45CYC_.4D1_.2D2_4.qasm 450 139 311 9.496591806411743 360 62 90 77 45 30
20QBT_45CYC_.0D1_.2D2_2.qasm 90 59 31 3.2154557704925537 0 0 90 59 45 21
20QBT_45CYC_.0D1_.1D2_3.qasm 45 22 23 0.0708150863647461 0 0 45 22 44 18
20QBT_45CYC_.2D1_.5D2_9.qasm 405 244 161 7.3758299350738525 180 80 225 164 45 42
20QBT_45CYC_.4D1_.1D2_8.qasm 405 61 344 1.2986981868743896 360 26 45 35 45 23
20QBT_45CYC_.1D1_.3D2_2.qasm 225 140 85 3.0446789264678955 90 44 135 96 45 28
20QBT_45CYC_.0D1_.8D2_1.qasm 360 193 167 20.00914430618286 0 0 360 193 45 40
20QBT_45CYC_.5D1_.1D2_5.qasm 495 77 418 5.424544334411621 450 40 45 37 45 21
20QBT_45CYC_.0D1_.5D2_9.qasm 225 129 96 47.918604373931885 0 0 225 129 45 32
20QBT_45CYC_.2D1_.3D2_0.qasm 315 160 155 3.3548085689544678 180 62 135 98 45 31
20QBT_45CYC_.0D1_.1D2_4.qasm 45 28 17 0.17466235160827637 0 0 45 28 45 20
20QBT_45CYC_.5D1_.3D2_3.qasm 585 178 407 3.8708670139312744 450 70 135 108 45 32
20QBT_45CYC_.2D1_.3D2_9.qasm 315 148 167 2.700284957885742 180 54 135 94 45 32
20QBT_45CYC_.3D1_.2D2_5.qasm 360 133 227 2.464087963104248 270 58 90 75 45 26
20QBT_45CYC_.5D1_.2D2_1.qasm 540 119 421 2.8423690795898438 450 56 90 63 45 32
