vbe_adder_3_before_output.qasm 150 150 0 0.300347567 80 80 70 70
tof_10_before_output.qasm 255 255 0 0.370009661 153 153 102 102
gf2^E7_mult_before_output.qasm 741 669 72 1.416108608 441 369 300 300
qcla_mod_7_before_output.qasm 884 884 0 1.805785894 502 502 382 382
gf2^E32_mult_before_output.qasm 15515 13593 1922 34.64318943 9216 7294 6299 6299
qcla_com_7_before_output.qasm 443 443 0 0.892146111 257 257 186 186
barenco_tof_3_before_output.qasm 58 58 0 0.051692247 34 34 24 24
csla_mux_3_before_original_output.qasm 170 170 0 0.366702318 90 90 80 80
csum_mux_9_before_corrected_output.qasm 56 28 28 0.172233343 28 0 28 28
gf2^E16_mult_before_output.qasm 3885 3435 450 8.473124504 2304 1854 1581 1581
gf2^E5_mult_before_output.qasm 379 347 32 0.700617313 225 193 154 154
barenco_tof_4_before_output.qasm 114 114 0 0.160147667 66 66 48 48
mod_adder_1024_before_output.qasm 4285 4285 0 7.073724031 2565 2565 1720 1720
qcla_adder_10_before_output.qasm 521 521 0 1.147310734 288 288 233 233
barenco_tof_10_before_output.qasm 450 450 0 0.81406641 258 258 192 192
gf2^E128_mult_before_output.qasm 246141 213883 32258 521.4612525 147456 115198 98685 98685
rc_adder_6_before_output.qasm 200 198 2 0.78038764 107 107 93 91
gf2^E9_mult_before_output.qasm 1223 1095 128 2.496143341 729 601 494 494
gf2^E163_mult_before_output.qasm 399021 346533 52488 846.4211655 239121 186633 159900 159900
gf2^E4_mult_before_output.qasm 243 225 18 0.482584 144 126 99 99
barenco_tof_5_before_output.qasm 170 170 0 0.272310257 98 98 72 72
mod_red_21_before_output.qasm 278 270 8 0.735118151 173 165 105 105
mod5_4_before_output.qasm 63 63 0 0.071974277 35 35 28 28
mod_mult_55_before_output.qasm 119 119 0 0.168645382 71 71 48 48
gf2^E131_mult_before_output.qasm 258065 224265 33800 546.9594533 154449 120649 103616 103616
adder_8_before_output.qasm 900 882 18 5.794126749 491 491 409 391
tof_3_before_output.qasm 45 45 0 0.024392843 27 27 18 18
gf2^E64_mult_before_output.qasm 61629 53691 7938 134.0564146 36864 28926 24765 24765
tof_5_before_output.qasm 105 105 0 0.12719059 63 63 42 42
gf2^E6_mult_before_output.qasm 545 495 50 1.045391798 324 274 221 221
gf2^E8_mult_before_output.qasm 981 883 98 2.098411083 576 478 405 405
tof_4_before_output.qasm 75 75 0 0.075945139 45 45 30 30
gf2^E10_mult_before_output.qasm 1509 1347 162 3.062339306 900 738 609 609
