20QBT_45CYC_.0D1_.1D2_0.qasm 45 23 45 20 0 0 45 23 0.06262493133544922 70.37890625
20QBT_45CYC_.0D1_.1D2_1.qasm 45 29 45 27 0 0 45 29 0.06284070014953613 71.68359375
20QBT_45CYC_.0D1_.1D2_2.qasm 45 29 45 23 0 0 45 29 0.06231546401977539 72.7734375
20QBT_45CYC_.0D1_.1D2_3.qasm 45 17 45 17 0 0 45 17 0.0778188705444336 73.4921875
20QBT_45CYC_.0D1_.1D2_4.qasm 45 29 45 25 0 0 45 29 0.0625007152557373 73.51171875
20QBT_45CYC_.0D1_.1D2_5.qasm 45 19 45 9 0 0 45 19 0.046871185302734375 73.578125
20QBT_45CYC_.0D1_.1D2_6.qasm 45 23 45 20 0 0 45 23 0.06250882148742676 73.83984375
20QBT_45CYC_.0D1_.1D2_7.qasm 45 25 45 13 0 0 45 25 0.06248307228088379 74.7890625
20QBT_45CYC_.0D1_.1D2_8.qasm 45 23 45 16 0 0 45 23 0.04688429832458496 75.73828125
20QBT_45CYC_.0D1_.1D2_9.qasm 45 15 45 9 0 0 45 15 0.06248331069946289 76.66796875
20QBT_45CYC_.0D1_.2D2_0.qasm 90 58 45 22 0 0 90 58 0.10937976837158203 77.44140625
20QBT_45CYC_.0D1_.2D2_1.qasm 90 48 45 14 0 0 90 48 0.062496185302734375 77.45703125
20QBT_45CYC_.0D1_.2D2_2.qasm 90 60 45 24 0 0 90 60 0.07811975479125977 77.4609375
20QBT_45CYC_.0D1_.2D2_3.qasm 90 60 45 22 0 0 90 60 0.07812380790710449 77.46875
20QBT_45CYC_.0D1_.2D2_4.qasm 90 50 45 18 0 0 90 50 0.07853007316589355 77.4765625
20QBT_45CYC_.0D1_.2D2_5.qasm 90 52 45 19 0 0 90 52 0.07795190811157227 77.484375
20QBT_45CYC_.0D1_.2D2_6.qasm 90 52 45 16 0 0 90 52 0.10939955711364746 77.48828125
20QBT_45CYC_.0D1_.2D2_7.qasm 90 52 45 23 0 0 90 52 0.06227922439575195 77.4921875
20QBT_45CYC_.0D1_.2D2_8.qasm 90 62 45 26 0 0 90 62 0.07812356948852539 77.49609375
20QBT_45CYC_.0D1_.2D2_9.qasm 90 54 45 23 0 0 90 54 0.06250905990600586 77.5
20QBT_45CYC_.0D1_.3D2_0.qasm 135 77 45 26 0 0 135 77 0.09374785423278809 77.5
20QBT_45CYC_.0D1_.3D2_1.qasm 135 89 45 23 0 0 135 89 0.12497854232788086 77.50390625
20QBT_45CYC_.0D1_.3D2_2.qasm 135 81 45 27 0 0 135 81 0.07813358306884766 77.51953125
20QBT_45CYC_.0D1_.3D2_3.qasm 135 85 45 21 0 0 135 85 0.09373760223388672 77.51953125
20QBT_45CYC_.0D1_.3D2_4.qasm 135 81 45 25 0 0 135 81 0.07810711860656738 77.51953125
20QBT_45CYC_.0D1_.3D2_5.qasm 135 79 45 21 0 0 135 79 0.09413528442382812 77.51953125
20QBT_45CYC_.0D1_.3D2_6.qasm 135 83 45 23 0 0 135 83 0.12468218803405762 77.5546875
20QBT_45CYC_.0D1_.3D2_7.qasm 135 83 45 26 0 0 135 83 0.07844328880310059 77.5546875
20QBT_45CYC_.0D1_.3D2_8.qasm 135 83 45 27 0 0 135 83 0.09346151351928711 77.5546875
20QBT_45CYC_.0D1_.3D2_9.qasm 135 59 45 17 0 0 135 59 0.0781552791595459 77.5546875
20QBT_45CYC_.0D1_.4D2_0.qasm 180 110 45 27 0 0 180 110 0.09364032745361328 77.5546875
20QBT_45CYC_.0D1_.4D2_1.qasm 180 102 45 28 0 0 180 102 0.14064526557922363 77.96484375
20QBT_45CYC_.0D1_.4D2_2.qasm 180 96 45 28 0 0 180 96 0.09376049041748047 78.03515625
20QBT_45CYC_.0D1_.4D2_3.qasm 180 98 45 35 0 0 180 98 0.09373044967651367 78.12109375
20QBT_45CYC_.0D1_.4D2_4.qasm 180 108 45 26 0 0 180 108 0.10936760902404785 78.16796875
20QBT_45CYC_.0D1_.4D2_5.qasm 180 106 45 27 0 0 180 106 0.12499141693115234 78.234375
20QBT_45CYC_.0D1_.4D2_6.qasm 180 106 45 28 0 0 180 106 0.10936903953552246 78.23828125
20QBT_45CYC_.0D1_.4D2_7.qasm 180 122 45 34 0 0 180 122 0.09376645088195801 78.2578125
20QBT_45CYC_.0D1_.4D2_8.qasm 180 116 45 33 0 0 180 116 0.09374380111694336 78.26171875
20QBT_45CYC_.0D1_.4D2_9.qasm 180 112 45 26 0 0 180 112 0.14061522483825684 78.31640625
20QBT_45CYC_.0D1_.5D2_0.qasm 225 129 45 30 0 0 225 129 0.14062833786010742 78.32421875
20QBT_45CYC_.0D1_.5D2_1.qasm 225 125 45 36 0 0 225 125 0.10958480834960938 78.3671875
20QBT_45CYC_.0D1_.5D2_2.qasm 225 131 45 33 0 0 225 131 0.10917520523071289 78.38671875
20QBT_45CYC_.0D1_.5D2_3.qasm 225 145 45 35 0 0 225 145 0.15623927116394043 78.38671875
20QBT_45CYC_.0D1_.5D2_4.qasm 225 135 45 38 0 0 225 135 0.10936784744262695 78.390625
20QBT_45CYC_.0D1_.5D2_5.qasm 225 123 45 30 0 0 225 123 0.10946822166442871 78.4140625
20QBT_45CYC_.0D1_.5D2_6.qasm 225 149 45 37 0 0 225 149 0.15624380111694336 78.44921875
20QBT_45CYC_.0D1_.5D2_7.qasm 225 143 45 30 0 0 225 143 0.10936307907104492 78.46484375
20QBT_45CYC_.0D1_.5D2_8.qasm 225 147 45 38 0 0 225 147 0.12499570846557617 78.46484375
20QBT_45CYC_.0D1_.5D2_9.qasm 225 125 45 34 0 0 225 125 0.10953402519226074 78.46875
20QBT_45CYC_.0D1_.6D2_0.qasm 270 146 45 39 0 0 270 146 0.17170000076293945 78.4921875
20QBT_45CYC_.0D1_.6D2_1.qasm 270 174 45 40 0 0 270 174 0.12499594688415527 78.5234375
20QBT_45CYC_.0D1_.6D2_2.qasm 270 156 45 40 0 0 270 156 0.12498688697814941 78.5546875
20QBT_45CYC_.0D1_.6D2_3.qasm 270 182 45 38 0 0 270 182 0.1719346046447754 78.63671875
20QBT_45CYC_.0D1_.6D2_4.qasm 270 170 45 40 0 0 270 170 0.12497830390930176 78.6953125
20QBT_45CYC_.0D1_.6D2_5.qasm 270 146 45 37 0 0 270 146 0.12499237060546875 78.70703125
20QBT_45CYC_.0D1_.6D2_6.qasm 270 154 45 39 0 0 270 154 0.15625572204589844 78.70703125
20QBT_45CYC_.0D1_.6D2_7.qasm 270 156 45 37 0 0 270 156 0.12497401237487793 78.71875
20QBT_45CYC_.0D1_.6D2_8.qasm 270 148 45 37 0 0 270 148 0.12500452995300293 78.72265625
20QBT_45CYC_.0D1_.6D2_9.qasm 270 180 45 40 0 0 270 180 0.15624189376831055 78.73046875
20QBT_45CYC_.0D1_.7D2_0.qasm 315 167 45 38 0 0 315 167 0.1406726837158203 78.73046875
20QBT_45CYC_.0D1_.7D2_1.qasm 315 185 45 39 0 0 315 185 0.12499141693115234 78.73046875
20QBT_45CYC_.0D1_.7D2_2.qasm 315 165 45 37 0 0 315 165 0.18748760223388672 78.98828125
20QBT_45CYC_.0D1_.7D2_3.qasm 315 179 45 42 0 0 315 179 0.14059662818908691 78.99609375
20QBT_45CYC_.0D1_.7D2_4.qasm 315 173 45 38 0 0 315 173 0.12499189376831055 78.99609375
20QBT_45CYC_.0D1_.7D2_5.qasm 315 189 45 42 0 0 315 189 0.17186760902404785 78.99609375
20QBT_45CYC_.0D1_.7D2_6.qasm 315 199 45 42 0 0 315 199 0.14059734344482422 78.99609375
20QBT_45CYC_.0D1_.7D2_7.qasm 315 179 45 37 0 0 315 179 0.14072060585021973 79.00390625
20QBT_45CYC_.0D1_.7D2_8.qasm 315 189 45 38 0 0 315 189 0.17186713218688965 79.00390625
20QBT_45CYC_.0D1_.7D2_9.qasm 315 187 45 39 0 0 315 187 0.14057302474975586 79.00390625
20QBT_45CYC_.0D1_.8D2_0.qasm 360 218 45 43 0 0 360 218 0.1562514305114746 79.00390625
20QBT_45CYC_.0D1_.8D2_1.qasm 360 202 45 41 0 0 360 202 0.18747472763061523 79.00390625
20QBT_45CYC_.0D1_.8D2_2.qasm 360 198 45 42 0 0 360 198 0.14061570167541504 79.00390625
20QBT_45CYC_.0D1_.8D2_3.qasm 360 198 45 42 0 0 360 198 0.1875779628753662 79.00390625
20QBT_45CYC_.0D1_.8D2_4.qasm 360 202 45 43 0 0 360 202 0.15623879432678223 79.0078125
20QBT_45CYC_.0D1_.8D2_5.qasm 360 192 45 42 0 0 360 192 0.1406102180480957 79.0078125
20QBT_45CYC_.0D1_.8D2_6.qasm 360 198 45 42 0 0 360 198 0.2031106948852539 79.1953125
20QBT_45CYC_.0D1_.8D2_7.qasm 360 196 45 42 0 0 360 196 0.14060497283935547 79.2578125
20QBT_45CYC_.0D1_.8D2_8.qasm 360 190 45 40 0 0 360 190 0.14061975479125977 79.265625
20QBT_45CYC_.0D1_.8D2_9.qasm 360 194 45 41 0 0 360 194 0.18759512901306152 79.2734375
20QBT_45CYC_.1D1_.1D2_0.qasm 135 61 45 23 90 24 45 37 0.09368491172790527 79.2734375
20QBT_45CYC_.1D1_.1D2_1.qasm 135 73 45 23 90 34 45 39 0.07810187339782715 79.296875
20QBT_45CYC_.1D1_.1D2_2.qasm 135 51 45 20 90 20 45 31 0.07813787460327148 79.30078125
20QBT_45CYC_.1D1_.1D2_3.qasm 135 57 45 25 90 24 45 33 0.12499141693115234 79.30078125
20QBT_45CYC_.1D1_.1D2_4.qasm 135 61 45 22 90 24 45 37 0.09373855590820312 79.3046875
20QBT_45CYC_.1D1_.1D2_5.qasm 135 57 45 14 90 24 45 33 0.07810711860656738 79.3046875
20QBT_45CYC_.1D1_.1D2_6.qasm 135 69 45 20 90 32 45 37 0.07811903953552246 79.3046875
20QBT_45CYC_.1D1_.1D2_7.qasm 135 57 45 22 90 22 45 35 0.09375619888305664 79.3046875
20QBT_45CYC_.1D1_.1D2_8.qasm 135 47 45 17 90 14 45 33 0.12517142295837402 79.3046875
20QBT_45CYC_.1D1_.1D2_9.qasm 135 57 45 15 90 24 45 33 0.07891178131103516 79.3046875
20QBT_45CYC_.1D1_.2D2_0.qasm 180 110 45 26 90 36 90 74 0.09297013282775879 79.3046875
20QBT_45CYC_.1D1_.2D2_1.qasm 180 104 45 30 90 32 90 72 0.09365391731262207 79.3046875
20QBT_45CYC_.1D1_.2D2_2.qasm 180 88 45 23 90 24 90 64 0.14060449600219727 79.0546875
20QBT_45CYC_.1D1_.2D2_3.qasm 180 96 45 20 90 32 90 64 0.10938334465026855 79.0546875
20QBT_45CYC_.1D1_.2D2_4.qasm 180 114 45 26 90 36 90 78 0.09373927116394043 79.0546875
20QBT_45CYC_.1D1_.2D2_5.qasm 180 84 45 19 90 26 90 58 0.09378719329833984 79.0546875
20QBT_45CYC_.1D1_.2D2_6.qasm 180 90 45 21 90 30 90 60 0.14061331748962402 79.0546875
20QBT_45CYC_.1D1_.2D2_7.qasm 180 90 45 23 90 28 90 62 0.09417462348937988 79.0546875
20QBT_45CYC_.1D1_.2D2_8.qasm 180 94 45 20 90 26 90 68 0.09345316886901855 79.0546875
20QBT_45CYC_.1D1_.2D2_9.qasm 180 96 45 25 90 26 90 70 0.10948538780212402 79.0546875
20QBT_45CYC_.1D1_.3D2_0.qasm 225 127 45 25 90 36 135 91 0.14035797119140625 79.0546875
20QBT_45CYC_.1D1_.3D2_1.qasm 225 127 45 25 90 32 135 95 0.10935473442077637 79.0546875
20QBT_45CYC_.1D1_.3D2_2.qasm 225 131 45 27 90 36 135 95 0.10938191413879395 79.0546875
20QBT_45CYC_.1D1_.3D2_3.qasm 225 139 45 30 90 40 135 99 0.15624213218688965 79.0546875
20QBT_45CYC_.1D1_.3D2_4.qasm 225 141 45 30 90 42 135 99 0.10936427116394043 79.0546875
20QBT_45CYC_.1D1_.3D2_5.qasm 225 143 45 28 90 40 135 103 0.10936641693115234 79.0546875
20QBT_45CYC_.1D1_.3D2_6.qasm 225 125 45 26 90 32 135 93 0.10936737060546875 79.0546875
20QBT_45CYC_.1D1_.3D2_7.qasm 225 129 45 29 90 36 135 93 0.15623927116394043 79.0546875
20QBT_45CYC_.1D1_.3D2_8.qasm 225 127 45 28 90 34 135 93 0.10968351364135742 79.0546875
20QBT_45CYC_.1D1_.3D2_9.qasm 225 141 45 27 90 36 135 105 0.10914206504821777 79.0546875
20QBT_45CYC_.1D1_.4D2_0.qasm 270 144 45 33 90 34 180 110 0.15624260902404785 79.0546875
20QBT_45CYC_.1D1_.4D2_1.qasm 270 180 45 38 90 50 180 130 0.1249997615814209 79.0546875
20QBT_45CYC_.1D1_.4D2_2.qasm 270 164 45 34 90 42 180 122 0.12499284744262695 79.0546875
20QBT_45CYC_.1D1_.4D2_3.qasm 270 162 45 35 90 36 180 126 0.12499070167541504 79.0546875
20QBT_45CYC_.1D1_.4D2_4.qasm 270 152 45 31 90 38 180 114 0.1718583106994629 79.0546875
20QBT_45CYC_.1D1_.4D2_5.qasm 270 156 45 31 90 36 180 120 0.12504863739013672 79.05859375
20QBT_45CYC_.1D1_.4D2_6.qasm 270 184 45 36 90 42 180 142 0.12499594688415527 79.05859375
20QBT_45CYC_.1D1_.4D2_7.qasm 270 174 45 38 90 42 180 132 0.1718616485595703 79.05859375
20QBT_45CYC_.1D1_.4D2_8.qasm 270 152 45 31 90 38 180 114 0.12499260902404785 79.05859375
20QBT_45CYC_.1D1_.4D2_9.qasm 270 148 45 29 90 34 180 114 0.12500381469726562 79.05859375
20QBT_45CYC_.1D1_.5D2_0.qasm 315 185 45 35 90 42 225 143 0.17186355590820312 79.05859375
20QBT_45CYC_.1D1_.5D2_1.qasm 315 183 45 39 90 40 225 143 0.14060258865356445 79.05859375
20QBT_45CYC_.1D1_.5D2_2.qasm 315 191 45 39 90 40 225 151 0.12520956993103027 79.05859375
20QBT_45CYC_.1D1_.5D2_3.qasm 315 201 45 39 90 42 225 159 0.18728303909301758 79.05859375
20QBT_45CYC_.1D1_.5D2_4.qasm 315 173 45 37 90 32 225 141 0.140671968460083 79.05859375
20QBT_45CYC_.1D1_.5D2_5.qasm 315 205 45 35 90 50 225 155 0.15624570846557617 79.05859375
20QBT_45CYC_.1D1_.5D2_6.qasm 315 179 45 36 90 34 225 145 0.17199349403381348 79.05859375
20QBT_45CYC_.1D1_.5D2_7.qasm 315 201 45 37 90 42 225 159 0.14051318168640137 79.0625
20QBT_45CYC_.1D1_.5D2_8.qasm 315 221 45 37 90 46 225 175 0.14150190353393555 79.0625
20QBT_45CYC_.1D1_.5D2_9.qasm 315 199 45 35 90 52 225 147 0.17093777656555176 79.0625
20QBT_45CYC_.1D1_.6D2_0.qasm 360 226 45 39 90 54 270 172 0.1562519073486328 79.0625
20QBT_45CYC_.1D1_.6D2_1.qasm 360 202 45 41 90 36 270 166 0.18789935111999512 79.4375
20QBT_45CYC_.1D1_.6D2_2.qasm 360 226 45 42 90 48 270 178 0.1402733325958252 79.4375
20QBT_45CYC_.1D1_.6D2_3.qasm 360 218 45 39 90 52 270 166 0.15623927116394043 79.4375
20QBT_45CYC_.1D1_.6D2_4.qasm 360 210 45 39 90 40 270 170 0.18851137161254883 79.5625
20QBT_45CYC_.1D1_.6D2_5.qasm 360 208 45 37 90 44 270 164 0.15527701377868652 79.5625
20QBT_45CYC_.1D1_.6D2_6.qasm 360 232 45 41 90 50 270 182 0.14060211181640625 79.5625
20QBT_45CYC_.1D1_.6D2_7.qasm 360 232 45 42 90 46 270 186 0.203125 79.5625
20QBT_45CYC_.1D1_.6D2_8.qasm 360 214 45 37 90 44 270 170 0.14060306549072266 79.5625
20QBT_45CYC_.1D1_.6D2_9.qasm 360 210 45 37 90 44 270 166 0.1874849796295166 79.6171875
20QBT_45CYC_.1D1_.7D2_0.qasm 405 255 45 39 90 46 315 209 0.1718764305114746 79.6171875
20QBT_45CYC_.1D1_.7D2_1.qasm 405 227 45 43 90 50 315 177 0.15622615814208984 79.6171875
20QBT_45CYC_.1D1_.7D2_2.qasm 405 221 45 44 90 40 315 181 0.2031111717224121 79.6171875
20QBT_45CYC_.1D1_.7D2_3.qasm 405 239 45 40 90 42 315 197 0.15633559226989746 79.6171875
20QBT_45CYC_.1D1_.7D2_4.qasm 405 223 45 38 90 46 315 177 0.20311594009399414 79.6171875
20QBT_45CYC_.1D1_.7D2_5.qasm 405 237 45 37 90 56 315 181 0.1562349796295166 79.6171875
20QBT_45CYC_.1D1_.7D2_6.qasm 405 261 45 42 90 56 315 205 0.1719222068786621 79.6171875
20QBT_45CYC_.1D1_.7D2_7.qasm 405 251 45 43 90 44 315 207 0.18748688697814941 79.6171875
20QBT_45CYC_.1D1_.7D2_8.qasm 405 245 45 42 90 42 315 203 0.17186331748962402 79.6171875
20QBT_45CYC_.1D1_.7D2_9.qasm 405 261 45 41 90 50 315 211 0.2031111717224121 79.6171875
20QBT_45CYC_.2D1_.1D2_0.qasm 225 59 45 16 180 26 45 33 0.10938143730163574 79.6171875
20QBT_45CYC_.2D1_.1D2_1.qasm 225 67 45 25 180 28 45 39 0.09374332427978516 79.6171875
20QBT_45CYC_.2D1_.1D2_2.qasm 225 47 45 18 180 18 45 29 0.1407790184020996 79.6171875
20QBT_45CYC_.2D1_.1D2_3.qasm 225 73 45 28 180 32 45 41 0.10920548439025879 79.6171875
20QBT_45CYC_.2D1_.1D2_4.qasm 225 61 45 14 180 26 45 35 0.10937190055847168 79.6171875
20QBT_45CYC_.2D1_.1D2_5.qasm 225 57 45 18 180 22 45 35 0.09372544288635254 79.6171875
20QBT_45CYC_.2D1_.1D2_6.qasm 225 65 45 16 180 30 45 35 0.15623998641967773 79.6171875
20QBT_45CYC_.2D1_.1D2_7.qasm 225 67 45 25 180 28 45 39 0.09374308586120605 79.6171875
20QBT_45CYC_.2D1_.1D2_8.qasm 225 63 45 30 180 24 45 39 0.10936784744262695 79.6171875
20QBT_45CYC_.2D1_.1D2_9.qasm 225 57 45 19 180 26 45 31 0.156463623046875 79.6171875
20QBT_45CYC_.2D1_.2D2_0.qasm 270 110 45 25 180 40 90 70 0.1091766357421875 79.6171875
20QBT_45CYC_.2D1_.2D2_1.qasm 270 118 45 28 180 40 90 78 0.12549781799316406 79.6171875
20QBT_45CYC_.2D1_.2D2_2.qasm 270 90 45 23 180 28 90 62 0.15577387809753418 79.6171875
20QBT_45CYC_.2D1_.2D2_3.qasm 270 96 45 27 180 36 90 60 0.12499618530273438 79.6171875
20QBT_45CYC_.2D1_.2D2_4.qasm 270 128 45 26 180 48 90 80 0.12499165534973145 79.6171875
20QBT_45CYC_.2D1_.2D2_5.qasm 270 116 45 23 180 40 90 76 0.1562516689300537 79.6171875
20QBT_45CYC_.2D1_.2D2_6.qasm 270 106 45 28 180 36 90 70 0.10935425758361816 79.6171875
20QBT_45CYC_.2D1_.2D2_7.qasm 270 112 45 23 180 34 90 78 0.12499284744262695 79.6171875
20QBT_45CYC_.2D1_.2D2_8.qasm 270 112 45 24 180 38 90 74 0.15642261505126953 79.6171875
20QBT_45CYC_.2D1_.2D2_9.qasm 270 90 45 22 180 28 90 62 0.12487506866455078 79.6171875
20QBT_45CYC_.2D1_.3D2_0.qasm 315 141 45 31 180 42 135 99 0.14062833786010742 79.6171875
20QBT_45CYC_.2D1_.3D2_1.qasm 315 151 45 28 180 56 135 95 0.17184972763061523 79.6171875
20QBT_45CYC_.2D1_.3D2_2.qasm 315 133 45 25 180 40 135 93 0.14061546325683594 79.6171875
20QBT_45CYC_.2D1_.3D2_3.qasm 315 147 45 29 180 50 135 97 0.15624094009399414 79.6171875
20QBT_45CYC_.2D1_.3D2_4.qasm 315 143 45 31 180 46 135 97 0.18777012825012207 79.6171875
20QBT_45CYC_.2D1_.3D2_5.qasm 315 153 45 27 180 50 135 103 0.14046382904052734 79.6171875
20QBT_45CYC_.2D1_.3D2_6.qasm 315 141 45 30 180 46 135 95 0.1406106948852539 79.6171875
20QBT_45CYC_.2D1_.3D2_7.qasm 315 151 45 30 180 42 135 109 0.17184925079345703 79.6171875
20QBT_45CYC_.2D1_.3D2_8.qasm 315 163 45 31 180 54 135 109 0.14063382148742676 79.6171875
20QBT_45CYC_.2D1_.3D2_9.qasm 315 137 45 29 180 42 135 95 0.1405785083770752 79.6171875
20QBT_45CYC_.2D1_.4D2_0.qasm 360 196 45 38 180 64 180 132 0.1874992847442627 79.6171875
20QBT_45CYC_.2D1_.4D2_1.qasm 360 204 45 36 180 60 180 144 0.14060282707214355 79.6171875
20QBT_45CYC_.2D1_.4D2_2.qasm 360 202 45 35 180 60 180 142 0.18754220008850098 79.6171875
20QBT_45CYC_.2D1_.4D2_3.qasm 360 194 45 35 180 60 180 134 0.1562340259552002 79.6171875
20QBT_45CYC_.2D1_.4D2_4.qasm 360 196 45 34 180 66 180 130 0.14061522483825684 79.6171875
20QBT_45CYC_.2D1_.4D2_5.qasm 360 200 45 41 180 64 180 136 0.20311188697814941 79.6171875
20QBT_45CYC_.2D1_.4D2_6.qasm 360 180 45 35 180 50 180 130 0.14060211181640625 79.6171875
20QBT_45CYC_.2D1_.4D2_7.qasm 360 190 45 42 180 54 180 136 0.1876063346862793 79.6171875
20QBT_45CYC_.2D1_.4D2_8.qasm 360 190 45 36 180 56 180 134 0.15625452995300293 79.6171875
20QBT_45CYC_.2D1_.4D2_9.qasm 360 168 45 34 180 46 180 122 0.14065170288085938 79.6171875
20QBT_45CYC_.2D1_.5D2_0.qasm 405 227 45 41 180 66 225 161 0.20301413536071777 79.6171875
20QBT_45CYC_.2D1_.5D2_1.qasm 405 219 45 40 180 62 225 157 0.17188143730163574 79.6171875
20QBT_45CYC_.2D1_.5D2_2.qasm 405 225 45 41 180 68 225 157 0.203108549118042 79.75
20QBT_45CYC_.2D1_.5D2_3.qasm 405 197 45 34 180 60 225 137 0.15709209442138672 79.8125
20QBT_45CYC_.2D1_.5D2_4.qasm 405 225 45 40 180 60 225 165 0.20234894752502441 79.8125
20QBT_45CYC_.2D1_.5D2_5.qasm 405 245 45 41 180 68 225 177 0.1562349796295166 79.8125
20QBT_45CYC_.2D1_.5D2_6.qasm 405 251 45 43 180 84 225 167 0.15623784065246582 79.8125
20QBT_45CYC_.2D1_.5D2_7.qasm 405 215 45 41 180 64 225 151 0.2187352180480957 79.8125
20QBT_45CYC_.2D1_.5D2_8.qasm 405 227 45 40 180 62 225 165 0.15622735023498535 79.8125
20QBT_45CYC_.2D1_.5D2_9.qasm 405 219 45 39 180 60 225 159 0.2031879425048828 79.81640625
20QBT_45CYC_.2D1_.6D2_0.qasm 450 242 45 42 180 68 270 174 0.1718761920928955 79.81640625
20QBT_45CYC_.2D1_.6D2_1.qasm 450 230 45 42 180 60 270 170 0.2031409740447998 79.81640625
20QBT_45CYC_.2D1_.6D2_2.qasm 450 240 45 40 180 60 270 180 0.17185759544372559 79.81640625
20QBT_45CYC_.2D1_.6D2_3.qasm 450 250 45 42 180 60 270 190 0.15624547004699707 79.81640625
20QBT_45CYC_.2D1_.6D2_4.qasm 450 242 45 40 180 64 270 178 0.21901154518127441 79.81640625
20QBT_45CYC_.2D1_.6D2_5.qasm 450 252 45 42 180 78 270 174 0.17158746719360352 79.81640625
20QBT_45CYC_.2D1_.6D2_6.qasm 450 252 45 43 180 70 270 182 0.2187213897705078 79.81640625
20QBT_45CYC_.2D1_.6D2_7.qasm 450 266 45 43 180 72 270 194 0.17195796966552734 79.81640625
20QBT_45CYC_.2D1_.6D2_8.qasm 450 240 45 42 180 64 270 176 0.21867823600769043 79.81640625
20QBT_45CYC_.2D1_.6D2_9.qasm 450 234 45 37 180 58 270 176 0.17185163497924805 79.81640625
20QBT_45CYC_.3D1_.1D2_0.qasm 315 69 45 25 270 28 45 41 0.17192721366882324 79.81640625
20QBT_45CYC_.3D1_.1D2_1.qasm 315 71 45 27 270 32 45 39 0.10936570167541504 79.81640625
20QBT_45CYC_.3D1_.1D2_2.qasm 315 63 45 21 270 28 45 35 0.12499308586120605 79.81640625
20QBT_45CYC_.3D1_.1D2_3.qasm 315 63 45 22 270 26 45 37 0.1718745231628418 79.81640625
20QBT_45CYC_.3D1_.1D2_4.qasm 315 61 45 20 270 28 45 33 0.12499165534973145 79.81640625
20QBT_45CYC_.3D1_.1D2_5.qasm 315 67 45 18 270 28 45 39 0.12497854232788086 79.81640625
20QBT_45CYC_.3D1_.1D2_6.qasm 315 49 45 15 270 20 45 29 0.17186355590820312 79.84765625
20QBT_45CYC_.3D1_.1D2_7.qasm 315 75 45 21 270 36 45 39 0.12517452239990234 79.84765625
20QBT_45CYC_.3D1_.1D2_8.qasm 315 61 45 20 270 26 45 35 0.1248772144317627 79.84765625
20QBT_45CYC_.3D1_.1D2_9.qasm 315 67 45 19 270 30 45 37 0.15625238418579102 79.84765625
20QBT_45CYC_.3D1_.2D2_0.qasm 360 114 45 24 270 44 90 70 0.15622568130493164 79.84765625
20QBT_45CYC_.3D1_.2D2_1.qasm 360 134 45 26 270 48 90 86 0.18748736381530762 79.84765625
20QBT_45CYC_.3D1_.2D2_2.qasm 360 112 45 22 270 44 90 68 0.12515854835510254 79.84765625
20QBT_45CYC_.3D1_.2D2_3.qasm 360 124 45 28 270 44 90 80 0.14051318168640137 79.84765625
20QBT_45CYC_.3D1_.2D2_4.qasm 360 128 45 26 270 46 90 82 0.20309972763061523 79.84765625
20QBT_45CYC_.3D1_.2D2_5.qasm 360 122 45 26 270 44 90 78 0.14061498641967773 79.84765625
20QBT_45CYC_.3D1_.2D2_6.qasm 360 106 45 24 270 34 90 72 0.17189955711364746 79.84765625
20QBT_45CYC_.3D1_.2D2_7.qasm 360 130 45 23 270 48 90 82 0.15622711181640625 79.84765625
20QBT_45CYC_.3D1_.2D2_8.qasm 360 120 45 22 270 48 90 72 0.14075875282287598 79.84765625
20QBT_45CYC_.3D1_.2D2_9.qasm 360 102 45 20 270 38 90 64 0.18740248680114746 79.84765625
20QBT_45CYC_.3D1_.3D2_0.qasm 405 175 45 32 270 64 135 111 0.15622639656066895 79.84765625
20QBT_45CYC_.3D1_.3D2_1.qasm 405 151 45 30 270 46 135 105 0.1874995231628418 79.84765625
20QBT_45CYC_.3D1_.3D2_2.qasm 405 175 45 36 270 62 135 113 0.15622711181640625 79.84765625
20QBT_45CYC_.3D1_.3D2_3.qasm 405 179 45 31 270 66 135 113 0.2031257152557373 79.8515625
20QBT_45CYC_.3D1_.3D2_4.qasm 405 173 45 31 270 62 135 111 0.15661358833312988 79.8515625
20QBT_45CYC_.3D1_.3D2_5.qasm 405 163 45 31 270 58 135 105 0.15589332580566406 79.8515625
20QBT_45CYC_.3D1_.3D2_6.qasm 405 173 45 33 270 64 135 109 0.2031712532043457 79.8515625
20QBT_45CYC_.3D1_.3D2_7.qasm 405 161 45 31 270 56 135 105 0.17186331748962402 79.86328125
20QBT_45CYC_.3D1_.3D2_8.qasm 405 183 45 35 270 68 135 115 0.2031114101409912 79.86328125
20QBT_45CYC_.3D1_.3D2_9.qasm 405 179 45 32 270 64 135 115 0.15623831748962402 79.86328125
20QBT_45CYC_.3D1_.4D2_0.qasm 450 206 45 35 270 64 180 142 0.2031240463256836 79.8671875
20QBT_45CYC_.3D1_.4D2_1.qasm 450 196 45 33 270 70 180 126 0.17192959785461426 79.8671875
20QBT_45CYC_.3D1_.4D2_2.qasm 450 198 45 37 270 66 180 132 0.2187519073486328 79.8671875
20QBT_45CYC_.3D1_.4D2_3.qasm 450 184 45 33 270 68 180 116 0.15622639656066895 79.8671875
20QBT_45CYC_.3D1_.4D2_4.qasm 450 220 45 38 270 70 180 150 0.21875810623168945 79.8671875
20QBT_45CYC_.3D1_.4D2_5.qasm 450 188 45 35 270 62 180 126 0.17183995246887207 79.8671875
20QBT_45CYC_.3D1_.4D2_6.qasm 450 230 45 37 270 86 180 144 0.17226505279541016 79.8671875
20QBT_45CYC_.3D1_.4D2_7.qasm 450 202 45 36 270 70 180 132 0.21837925910949707 79.8671875
20QBT_45CYC_.3D1_.4D2_8.qasm 450 216 45 36 270 70 180 146 0.1718769073486328 79.8671875
20QBT_45CYC_.3D1_.4D2_9.qasm 450 204 45 36 270 78 180 126 0.21873784065246582 79.8671875
20QBT_45CYC_.3D1_.5D2_0.qasm 53 37 5 5 28 14 25 23 0.06249666213989258 79.8671875
20QBT_45CYC_.3D1_.5D2_1.qasm 495 245 45 42 270 70 225 175 0.23435664176940918 79.8671875
20QBT_45CYC_.3D1_.5D2_2.qasm 495 245 45 39 270 74 225 171 0.1876363754272461 79.8671875
20QBT_45CYC_.3D1_.5D2_3.qasm 495 227 45 40 270 62 225 165 0.21866750717163086 79.8671875
20QBT_45CYC_.3D1_.5D2_4.qasm 495 251 45 41 270 84 225 167 0.18747162818908691 79.8671875
20QBT_45CYC_.3D1_.5D2_5.qasm 495 233 45 37 270 78 225 155 0.2187340259552002 79.8671875
20QBT_45CYC_.3D1_.5D2_6.qasm 495 225 45 40 270 72 225 153 0.17188072204589844 79.87109375
20QBT_45CYC_.3D1_.5D2_7.qasm 495 227 45 39 270 70 225 157 0.23443126678466797 79.9609375
20QBT_45CYC_.3D1_.5D2_8.qasm 495 201 45 40 270 66 225 135 0.1718456745147705 79.98828125
20QBT_45CYC_.3D1_.5D2_9.qasm 495 235 45 41 270 76 225 159 0.23437213897705078 80.0
20QBT_45CYC_.4D1_.1D2_0.qasm 405 63 45 21 360 26 45 37 0.14060258865356445 80.0
20QBT_45CYC_.4D1_.1D2_1.qasm 405 71 45 26 360 34 45 37 0.14063358306884766 80.0
20QBT_45CYC_.4D1_.1D2_2.qasm 405 69 45 25 360 26 45 43 0.18767070770263672 80.0
20QBT_45CYC_.4D1_.1D2_3.qasm 405 63 45 17 360 24 45 39 0.15606474876403809 80.0
20QBT_45CYC_.4D1_.1D2_4.qasm 405 67 45 21 360 28 45 39 0.18748688697814941 80.0
20QBT_45CYC_.4D1_.1D2_5.qasm 405 65 45 22 360 24 45 41 0.14061450958251953 80.0
20QBT_45CYC_.4D1_.1D2_6.qasm 405 69 45 19 360 30 45 39 0.18761992454528809 80.0
20QBT_45CYC_.4D1_.1D2_7.qasm 405 65 45 16 360 28 45 37 0.14051485061645508 80.0
20QBT_45CYC_.4D1_.1D2_8.qasm 405 57 45 21 360 20 45 37 0.1878199577331543 80.0
20QBT_45CYC_.4D1_.1D2_9.qasm 405 59 45 21 360 20 45 39 0.14035296440124512 80.0
20QBT_45CYC_.4D1_.2D2_0.qasm 450 128 45 24 360 46 90 82 0.15622353553771973 80.0
20QBT_45CYC_.4D1_.2D2_1.qasm 450 130 45 25 360 54 90 76 0.21877336502075195 80.0
20QBT_45CYC_.4D1_.2D2_2.qasm 450 120 45 25 360 42 90 78 0.15622496604919434 80.0
20QBT_45CYC_.4D1_.2D2_3.qasm 450 106 45 33 360 38 90 68 0.2031543254852295 80.0
20QBT_45CYC_.4D1_.2D2_4.qasm 450 130 45 29 360 52 90 78 0.1721498966217041 80.0
20QBT_45CYC_.4D1_.2D2_5.qasm 450 116 45 30 360 40 90 76 0.20279169082641602 80.0
20QBT_45CYC_.4D1_.2D2_6.qasm 450 132 45 30 360 50 90 82 0.1562519073486328 80.0
20QBT_45CYC_.4D1_.2D2_7.qasm 450 130 45 27 360 48 90 82 0.2189197540283203 80.0
20QBT_45CYC_.4D1_.2D2_8.qasm 450 128 45 30 360 44 90 84 0.1717090606689453 80.0
20QBT_45CYC_.4D1_.2D2_9.qasm 450 130 45 32 360 44 90 86 0.20355963706970215 80.0
20QBT_45CYC_.4D1_.3D2_0.qasm 495 163 45 31 360 56 135 107 0.17143607139587402 80.01171875
20QBT_45CYC_.4D1_.3D2_1.qasm 495 139 45 29 360 44 135 95 0.218735933303833 80.0234375
20QBT_45CYC_.4D1_.3D2_2.qasm 495 165 45 33 360 54 135 111 0.1874983310699463 80.0234375
20QBT_45CYC_.4D1_.3D2_3.qasm 495 169 45 37 360 56 135 113 0.2191314697265625 80.1484375
20QBT_45CYC_.4D1_.3D2_4.qasm 495 161 45 26 360 58 135 103 0.17259693145751953 80.16015625
20QBT_45CYC_.4D1_.3D2_5.qasm 495 179 45 32 360 66 135 113 0.23334407806396484 80.28515625
20QBT_45CYC_.4D1_.3D2_6.qasm 495 157 45 33 360 52 135 105 0.17186355590820312 80.28515625
20QBT_45CYC_.4D1_.3D2_7.qasm 495 153 45 27 360 52 135 101 0.21876978874206543 80.28515625
20QBT_45CYC_.4D1_.3D2_8.qasm 495 171 45 27 360 66 135 105 0.1875002384185791 80.28515625
20QBT_45CYC_.4D1_.3D2_9.qasm 495 157 45 29 360 56 135 101 0.2187347412109375 80.28515625
20QBT_45CYC_.4D1_.4D2_0.qasm 540 214 45 41 360 68 180 146 0.18747377395629883 80.28515625
20QBT_45CYC_.4D1_.4D2_1.qasm 540 192 45 34 360 56 180 136 0.24999642372131348 80.28515625
20QBT_45CYC_.4D1_.4D2_2.qasm 540 222 45 38 360 76 180 146 0.18747401237487793 80.28515625
20QBT_45CYC_.4D1_.4D2_3.qasm 540 186 45 39 360 62 180 124 0.23437261581420898 80.28515625
20QBT_45CYC_.4D1_.4D2_4.qasm 540 216 45 42 360 76 180 140 0.25005340576171875 80.41015625
20QBT_45CYC_.4D1_.4D2_5.qasm 540 208 45 37 360 70 180 138 0.1874852180480957 80.41015625
20QBT_45CYC_.4D1_.4D2_6.qasm 540 206 45 37 360 66 180 140 0.2343759536743164 80.5546875
20QBT_45CYC_.4D1_.4D2_7.qasm 540 218 45 37 360 70 180 148 0.18749260902404785 80.56640625
20QBT_45CYC_.4D1_.4D2_8.qasm 540 212 45 37 360 72 180 140 0.24997830390930176 80.56640625
20QBT_45CYC_.4D1_.4D2_9.qasm 540 208 45 39 360 74 180 134 0.18752717971801758 80.56640625
20QBT_45CYC_.5D1_.1D2_0.qasm 495 79 45 27 450 38 45 41 0.203125 80.56640625
20QBT_45CYC_.5D1_.1D2_1.qasm 495 65 45 25 450 28 45 37 0.17186260223388672 80.56640625
20QBT_45CYC_.5D1_.1D2_2.qasm 495 61 45 22 450 26 45 35 0.203139066696167 80.56640625
20QBT_45CYC_.5D1_.1D2_3.qasm 495 65 45 19 450 26 45 39 0.15652847290039062 80.56640625
20QBT_45CYC_.5D1_.1D2_4.qasm 495 61 45 24 450 24 45 37 0.2028331756591797 80.56640625
20QBT_45CYC_.5D1_.1D2_5.qasm 495 71 45 22 450 34 45 37 0.17186689376831055 80.56640625
20QBT_45CYC_.5D1_.1D2_6.qasm 495 53 45 19 450 18 45 35 0.2187483310699463 80.56640625
20QBT_45CYC_.5D1_.1D2_7.qasm 495 71 45 30 450 28 45 43 0.15622615814208984 80.56640625
20QBT_45CYC_.5D1_.1D2_8.qasm 495 59 45 16 450 26 45 33 0.2032623291015625 80.56640625
20QBT_45CYC_.5D1_.1D2_9.qasm 495 67 45 16 450 28 45 39 0.15643644332885742 80.56640625
20QBT_45CYC_.5D1_.2D2_0.qasm 540 130 45 28 450 48 90 82 0.2341451644897461 80.56640625
20QBT_45CYC_.5D1_.2D2_1.qasm 540 126 45 33 450 50 90 76 0.1875600814819336 80.56640625
20QBT_45CYC_.5D1_.2D2_2.qasm 540 132 45 31 450 52 90 80 0.23425674438476562 80.56640625
20QBT_45CYC_.5D1_.2D2_3.qasm 540 142 45 25 450 58 90 84 0.18748879432678223 80.56640625
20QBT_45CYC_.5D1_.2D2_4.qasm 540 118 45 27 450 42 90 76 0.2188584804534912 80.56640625
20QBT_45CYC_.5D1_.2D2_5.qasm 540 132 45 23 450 52 90 80 0.23426485061645508 80.56640625
20QBT_45CYC_.5D1_.2D2_6.qasm 540 126 45 29 450 48 90 78 0.18748927116394043 80.56640625
20QBT_45CYC_.5D1_.2D2_7.qasm 540 132 45 29 450 48 90 84 0.23469257354736328 80.56640625
20QBT_45CYC_.5D1_.2D2_8.qasm 540 118 45 26 450 44 90 74 0.18721485137939453 80.56640625
20QBT_45CYC_.5D1_.2D2_9.qasm 540 132 45 24 450 52 90 80 0.23440980911254883 80.56640625
20QBT_45CYC_.5D1_.3D2_0.qasm 585 171 45 34 450 56 135 115 0.2031104564666748 80.56640625
20QBT_45CYC_.5D1_.3D2_1.qasm 585 169 45 27 450 62 135 107 0.24997282028198242 80.56640625
20QBT_45CYC_.5D1_.3D2_2.qasm 585 177 45 35 450 66 135 111 0.2343463897705078 80.56640625
20QBT_45CYC_.5D1_.3D2_3.qasm 585 171 45 31 450 56 135 115 0.2031111717224121 80.56640625
20QBT_45CYC_.5D1_.3D2_4.qasm 585 165 45 32 450 50 135 115 0.25003790855407715 81.078125
20QBT_45CYC_.5D1_.3D2_5.qasm 585 189 45 36 450 66 135 123 0.2032175064086914 81.078125
20QBT_45CYC_.5D1_.3D2_6.qasm 585 183 45 33 450 68 135 115 0.24988102912902832 81.078125
20QBT_45CYC_.5D1_.3D2_7.qasm 585 169 45 33 450 60 135 109 0.2031247615814209 81.078125
20QBT_45CYC_.5D1_.3D2_8.qasm 585 159 45 33 450 50 135 109 0.23440885543823242 81.078125
20QBT_45CYC_.5D1_.3D2_9.qasm 585 173 45 39 450 60 135 113 0.24997711181640625 81.078125
20QBT_45CYC_.6D1_.1D2_0.qasm 585 69 45 22 540 30 45 39 0.2031116485595703 81.078125
20QBT_45CYC_.6D1_.1D2_1.qasm 585 71 45 28 540 30 45 41 0.2346353530883789 81.078125
20QBT_45CYC_.6D1_.1D2_2.qasm 585 71 45 25 540 32 45 39 0.17163968086242676 81.078125
20QBT_45CYC_.6D1_.1D2_3.qasm 585 61 45 17 540 24 45 37 0.23436331748962402 81.078125
20QBT_45CYC_.6D1_.1D2_4.qasm 585 55 45 26 540 22 45 33 0.17188143730163574 81.078125
20QBT_45CYC_.6D1_.1D2_5.qasm 585 67 45 23 540 24 45 43 0.21888995170593262 81.078125
20QBT_45CYC_.6D1_.1D2_6.qasm 585 55 45 15 540 24 45 31 0.23426580429077148 81.078125
20QBT_45CYC_.6D1_.1D2_7.qasm 585 59 45 15 540 26 45 33 0.17185020446777344 81.078125
20QBT_45CYC_.6D1_.1D2_8.qasm 585 71 45 22 540 30 45 41 0.2343761920928955 81.078125
20QBT_45CYC_.6D1_.1D2_9.qasm 585 69 45 26 540 30 45 39 0.18749213218688965 81.078125
20QBT_45CYC_.6D1_.2D2_0.qasm 630 116 45 28 540 42 90 74 0.2500026226043701 81.078125
20QBT_45CYC_.6D1_.2D2_1.qasm 630 124 45 28 540 44 90 80 0.2503955364227295 81.078125
20QBT_45CYC_.6D1_.2D2_2.qasm 630 116 45 26 540 40 90 76 0.20276165008544922 81.078125
20QBT_45CYC_.6D1_.2D2_3.qasm 630 114 45 32 540 40 90 74 0.24998259544372559 81.421875
20QBT_45CYC_.6D1_.2D2_4.qasm 630 128 45 29 540 46 90 82 0.20311594009399414 81.421875
20QBT_45CYC_.6D1_.2D2_5.qasm 630 136 45 30 540 54 90 82 0.24997925758361816 81.421875
20QBT_45CYC_.6D1_.2D2_6.qasm 630 140 45 29 540 56 90 84 0.23457813262939453 81.421875
20QBT_45CYC_.6D1_.2D2_7.qasm 630 130 45 33 540 46 90 84 0.20294713973999023 81.421875
20QBT_45CYC_.6D1_.2D2_8.qasm 630 136 45 34 540 50 90 86 0.24997782707214355 81.546875
20QBT_45CYC_.6D1_.2D2_9.qasm 630 124 45 25 540 48 90 76 0.20321083068847656 81.546875
20QBT_45CYC_.7D1_.1D2_0.qasm 675 71 45 23 630 28 45 43 0.2502403259277344 81.546875
20QBT_45CYC_.7D1_.1D2_1.qasm 675 67 45 21 630 28 45 39 0.2496936321258545 81.796875
20QBT_45CYC_.7D1_.1D2_2.qasm 675 65 45 18 630 26 45 39 0.20311474800109863 81.80078125
20QBT_45CYC_.7D1_.1D2_3.qasm 675 67 45 24 630 28 45 39 0.24997735023498535 81.80078125
20QBT_45CYC_.7D1_.1D2_4.qasm 675 61 45 21 630 26 45 35 0.23441410064697266 81.80078125
20QBT_45CYC_.7D1_.1D2_5.qasm 675 69 45 15 630 32 45 37 0.20317983627319336 81.80078125
20QBT_45CYC_.7D1_.1D2_6.qasm 675 61 45 25 630 24 45 37 0.24996447563171387 81.80078125
20QBT_45CYC_.7D1_.1D2_7.qasm 675 71 45 18 630 28 45 43 0.25020360946655273 81.80078125
20QBT_45CYC_.7D1_.1D2_8.qasm 675 57 45 19 630 26 45 31 0.20292162895202637 81.80078125
20QBT_45CYC_.7D1_.1D2_9.qasm 675 67 45 27 630 26 45 41 0.24995064735412598 81.80078125
