20QBT_45CYC_.1D1_.4D2_6.qasm 270 193 77 3.56 90 52 180 141 45 37 260
20QBT_45CYC_.3D1_.1D2_9.qasm 315 73 242 0.90 270 37 45 36 45 19 261
20QBT_45CYC_.0D1_.6D2_1.qasm 270 182 88 13.87 0 0 270 182 45 39 255
20QBT_45CYC_.0D1_.1D2_1.qasm 45 26 19 0.17 0 0 45 26 45 22 240
20QBT_45CYC_.0D1_.6D2_5.qasm 270 162 108 10.53 0 0 270 162 45 36 255
20QBT_45CYC_.2D1_.6D2_7.qasm 450 288 162 6.85 180 92 270 196 45 44 262
20QBT_45CYC_.0D1_.2D2_3.qasm 90 56 34 2.44 0 0 90 56 45 18 243
20QBT_45CYC_.0D1_.2D2_6.qasm 90 55 35 1.61 0 0 90 55 45 17 243
20QBT_45CYC_.3D1_.2D2_2.qasm 360 132 228 2.17 270 62 90 70 45 23 262
20QBT_45CYC_.0D1_.3D2_0.qasm 135 84 51 4.69 0 0 135 84 45 28 247
20QBT_45CYC_.7D1_.1D2_0.qasm 675 85 590 1.87 630 44 45 41 45 22 268
20QBT_45CYC_.0D1_.5D2_0.qasm 225 124 101 8.89 0 0 225 124 45 32 252
20QBT_45CYC_.5D1_.2D2_7.qasm 540 149 391 2.50 450 69 90 80 45 29 269
20QBT_45CYC_.2D1_.2D2_4.qasm 270 139 131 2.06 180 63 90 76 45 26 263
20QBT_45CYC_.1D1_.7D2_7.qasm 405 266 139 10.45 90 52 315 214 45 43 268
20QBT_45CYC_.1D1_.5D2_7.qasm 315 213 102 5.23 90 48 225 165 45 40 259
20QBT_45CYC_.1D1_.5D2_0.qasm 315 209 106 5.65 90 54 225 155 45 39 259
20QBT_45CYC_.4D1_.4D2_4.qasm 540 248 292 3.12 360 104 180 144 45 45 269
20QBT_45CYC_.3D1_.1D2_2.qasm 315 71 244 0.97 270 40 45 30 45 21 262
20QBT_45CYC_.4D1_.4D2_6.qasm 540 232 308 4.46 360 96 180 136 45 41 268
20QBT_45CYC_.4D1_.4D2_3.qasm 540 219 321 3.51 360 95 180 124 45 41 269
20QBT_45CYC_.0D1_.5D2_3.qasm 225 144 81 9.31 0 0 225 144 45 35 252
20QBT_45CYC_.2D1_.6D2_6.qasm 450 281 169 5.58 180 93 270 187 45 45 262
20QBT_45CYC_.2D1_.6D2_2.qasm 450 265 185 5.89 180 83 270 182 45 42 264
20QBT_45CYC_.1D1_.1D2_5.qasm 135 67 68 0.66 90 34 45 33 45 15 261
20QBT_45CYC_.2D1_.2D2_7.qasm 270 124 146 2.48 180 47 90 77 45 26 265
20QBT_45CYC_.7D1_.1D2_1.qasm 675 80 595 1.83 630 42 45 38 45 24 268
20QBT_45CYC_.3D1_.2D2_6.qasm 360 122 238 1.53 270 48 90 74 45 26 261
20QBT_45CYC_.1D1_.6D2_6.qasm 360 242 118 6.27 90 58 270 184 45 41 260
20QBT_45CYC_.0D1_.2D2_8.qasm 90 62 28 1.98 0 0 90 62 45 24 244
20QBT_45CYC_.3D1_.4D2_8.qasm 450 257 193 4.03 270 110 180 147 45 42 266
20QBT_45CYC_.3D1_.2D2_1.qasm 360 146 214 2.42 270 69 90 77 45 26 262
20QBT_45CYC_.0D1_.3D2_4.qasm 135 88 47 3.53 0 0 135 88 45 25 247
20QBT_45CYC_.1D1_.6D2_7.qasm 360 239 121 8.03 90 56 270 183 45 42 260
20QBT_45CYC_.0D1_.2D2_0.qasm 90 54 36 1.60 0 0 90 54 45 20 241
20QBT_45CYC_.3D1_.5D2_0.qasm 495 275 220 4.51 270 105 225 170 45 45 246
20QBT_45CYC_.1D1_.6D2_4.qasm 360 230 130 7.08 90 52 270 178 45 40 261
20QBT_45CYC_.3D1_.5D2_8.qasm 495 243 252 4.71 270 90 225 153 45 45 267
20QBT_45CYC_.2D1_.3D2_7.qasm 315 176 139 3.09 180 62 135 114 45 31 264
20QBT_45CYC_.0D1_.7D2_8.qasm 315 184 131 13.74 0 0 315 184 45 38 260
20QBT_45CYC_.4D1_.2D2_1.qasm 450 140 310 1.88 360 65 90 75 45 27 265
20QBT_45CYC_.5D1_.3D2_7.qasm 585 193 392 3.17 450 83 135 110 45 40 270
20QBT_45CYC_.1D1_.2D2_4.qasm 180 130 50 1.90 90 52 90 78 45 26 260
20QBT_45CYC_.0D1_.3D2_9.qasm 135 44 91 3.36 0 0 135 44 45 14 246
20QBT_45CYC_.2D1_.4D2_4.qasm 360 215 145 3.69 180 80 180 136 45 35 267
20QBT_45CYC_.3D1_.3D2_9.qasm 405 203 202 2.98 270 89 135 114 45 34 264
20QBT_45CYC_.2D1_.5D2_6.qasm 405 269 136 5.02 180 100 225 169 45 43 264
20QBT_45CYC_.2D1_.2D2_3.qasm 270 121 149 1.38 180 54 90 66 45 27 263
20QBT_45CYC_.0D1_.6D2_8.qasm 270 153 117 10.34 0 0 270 153 45 37 255
20QBT_45CYC_.4D1_.3D2_2.qasm 495 192 303 3.06 360 81 135 111 45 36 268
20QBT_45CYC_.5D1_.3D2_1.qasm 585 198 387 2.88 450 91 135 107 45 33 268
20QBT_45CYC_.1D1_.5D2_5.qasm 315 223 92 6.24 90 60 225 163 45 37 260
20QBT_45CYC_.0D1_.3D2_7.qasm 135 81 54 4.29 0 0 135 81 45 26 246
20QBT_45CYC_.5D1_.3D2_2.qasm 585 188 397 3.06 450 82 135 107 45 35 269
20QBT_45CYC_.0D1_.8D2_3.qasm 360 200 160 16.06 0 0 360 200 45 43 268
20QBT_45CYC_.7D1_.1D2_2.qasm 675 76 599 1.95 630 39 45 37 45 20 268
20QBT_45CYC_.1D1_.3D2_4.qasm 225 160 65 2.24 90 48 135 112 45 29 260
20QBT_45CYC_.2D1_.4D2_8.qasm 360 208 152 3.51 180 72 180 137 45 37 267
20QBT_45CYC_.1D1_.7D2_1.qasm 405 246 159 8.43 90 59 315 186 45 44 262
20QBT_45CYC_.2D1_.2D2_5.qasm 270 128 142 1.78 180 54 90 74 45 24 262
20QBT_45CYC_.3D1_.3D2_2.qasm 405 203 202 2.53 270 92 135 111 45 34 264
20QBT_45CYC_.3D1_.4D2_7.qasm 450 234 216 3.80 270 99 180 136 45 39 266
20QBT_45CYC_.2D1_.5D2_7.qasm 405 251 154 4.46 180 86 225 165 45 42 263
20QBT_45CYC_.0D1_.6D2_4.qasm 270 169 101 10.73 0 0 270 169 45 40 255
20QBT_45CYC_.1D1_.1D2_3.qasm 135 59 76 0.58 90 27 45 32 45 21 261
20QBT_45CYC_.0D1_.2D2_5.qasm 90 56 34 2.17 0 0 90 56 45 18 243
20QBT_45CYC_.5D1_.2D2_3.qasm 540 160 380 2.52 450 78 90 83 45 26 266
20QBT_45CYC_.2D1_.1D2_0.qasm 225 67 158 0.85 180 33 45 35 45 19 262
20QBT_45CYC_.0D1_.6D2_9.qasm 270 181 89 10.77 0 0 270 181 45 40 255
20QBT_45CYC_.2D1_.3D2_5.qasm 315 171 144 2.56 180 70 135 101 45 32 262
20QBT_45CYC_.5D1_.2D2_5.qasm 540 152 388 2.26 450 73 90 78 45 25 269
20QBT_45CYC_.2D1_.5D2_0.qasm 405 260 145 5.83 180 82 225 177 45 45 266
20QBT_45CYC_.1D1_.5D2_8.qasm 315 223 92 7.76 90 56 225 167 45 37 259
20QBT_45CYC_.0D1_.4D2_9.qasm 180 105 75 6.35 0 0 180 105 45 30 249
20QBT_45CYC_.4D1_.3D2_3.qasm 495 194 301 3.32 360 78 135 116 45 38 267
20QBT_45CYC_.0D1_.4D2_1.qasm 180 104 76 6.49 0 0 180 104 45 30 248
20QBT_45CYC_.5D1_.2D2_9.qasm 540 147 393 2.24 450 68 90 78 45 26 266
20QBT_45CYC_.1D1_.4D2_1.qasm 270 193 77 4.17 90 52 180 141 45 39 260
20QBT_45CYC_.2D1_.1D2_8.qasm 225 64 161 0.90 180 30 45 33 45 25 261
20QBT_45CYC_.0D1_.7D2_7.qasm 315 180 135 11.98 0 0 315 180 45 37 260
20QBT_45CYC_.5D1_.3D2_4.qasm 585 182 403 3.82 450 78 135 104 45 34 269
20QBT_45CYC_.3D1_.3D2_6.qasm 405 195 210 2.22 270 82 135 112 45 34 264
20QBT_45CYC_.2D1_.3D2_1.qasm 315 168 147 2.98 180 69 135 98 45 28 266
20QBT_45CYC_.5D1_.3D2_6.qasm 585 203 382 3.11 450 89 135 114 45 35 272
20QBT_45CYC_.2D1_.1D2_6.qasm 225 83 142 0.71 180 44 45 38 45 20 260
20QBT_45CYC_.1D1_.3D2_6.qasm 225 130 95 3.33 90 38 135 92 45 29 260
20QBT_45CYC_.6D1_.1D2_1.qasm 585 76 509 1.99 540 38 45 38 45 29 267
20QBT_45CYC_.3D1_.1D2_3.qasm 315 70 245 1.08 270 35 45 35 45 20 261
20QBT_45CYC_.0D1_.3D2_6.qasm 135 82 53 4.28 0 0 135 82 45 25 246
20QBT_45CYC_.1D1_.2D2_1.qasm 180 122 58 1.03 90 42 90 80 45 36 260
20QBT_45CYC_.0D1_.1D2_5.qasm 45 16 29 0.07 0 0 45 16 45 7 240
20QBT_45CYC_.3D1_.5D2_7.qasm 495 270 225 4.35 270 104 225 167 45 41 267
20QBT_45CYC_.4D1_.3D2_1.qasm 495 162 333 3.20 360 68 135 94 45 31 267
20QBT_45CYC_.0D1_.8D2_6.qasm 360 201 159 13.80 0 0 360 201 45 44 267
20QBT_45CYC_.5D1_.1D2_9.qasm 495 81 414 1.43 450 43 45 37 45 15 266
20QBT_45CYC_.0D1_.5D2_1.qasm 225 123 102 6.41 0 0 225 123 45 35 252
20QBT_45CYC_.1D1_.4D2_9.qasm 270 162 108 3.95 90 46 180 116 45 31 259
20QBT_45CYC_.4D1_.2D2_7.qasm 450 144 306 2.33 360 69 90 76 45 31 263
20QBT_45CYC_.0D1_.4D2_7.qasm 180 119 61 7.45 0 0 180 119 45 35 249
20QBT_45CYC_.2D1_.6D2_1.qasm 450 260 190 4.66 180 84 270 177 45 44 264
20QBT_45CYC_.1D1_.5D2_1.qasm 315 191 124 6.52 90 44 225 147 45 36 259
20QBT_45CYC_.0D1_.4D2_0.qasm 180 108 72 6.12 0 0 180 108 45 25 247
20QBT_45CYC_.1D1_.1D2_9.qasm 135 58 77 0.56 90 28 45 30 45 16 260
20QBT_45CYC_.1D1_.3D2_9.qasm 225 144 81 3.38 90 43 135 101 45 29 260
20QBT_45CYC_.1D1_.4D2_8.qasm 270 174 96 3.67 90 48 180 126 45 33 259
20QBT_45CYC_.1D1_.2D2_0.qasm 180 112 68 1.42 90 40 90 72 45 26 260
20QBT_45CYC_.5D1_.3D2_8.qasm 585 188 397 3.39 450 78 135 109 45 37 267
20QBT_45CYC_.5D1_.1D2_3.qasm 495 70 425 1.69 450 34 45 36 45 18 267
20QBT_45CYC_.0D1_.5D2_6.qasm 225 141 84 9.91 0 0 225 141 45 37 253
20QBT_45CYC_.3D1_.5D2_6.qasm 495 251 244 4.76 270 96 225 155 45 42 269
20QBT_45CYC_.6D1_.2D2_2.qasm 630 136 494 2.34 540 60 90 76 45 30 268
20QBT_45CYC_.3D1_.3D2_4.qasm 405 188 217 2.89 270 82 135 106 45 33 266
20QBT_45CYC_.4D1_.4D2_7.qasm 540 243 297 4.48 360 98 180 145 45 38 268
20QBT_45CYC_.0D1_.8D2_9.qasm 360 208 152 17.20 0 0 360 208 45 43 265
20QBT_45CYC_.6D1_.2D2_3.qasm 630 112 518 2.37 540 52 90 60 45 30 268
20QBT_45CYC_.1D1_.3D2_0.qasm 225 146 79 2.32 90 46 135 100 45 31 260
20QBT_45CYC_.2D1_.4D2_5.qasm 360 232 128 3.48 180 83 180 150 45 41 265
20QBT_45CYC_.2D1_.2D2_9.qasm 270 106 164 1.70 180 44 90 62 45 25 266
20QBT_45CYC_.1D1_.7D2_5.qasm 405 266 139 6.91 90 64 315 202 45 41 264
20QBT_45CYC_.4D1_.4D2_9.qasm 540 248 292 3.69 360 113 180 135 45 41 271
20QBT_45CYC_.7D1_.1D2_9.qasm 675 77 598 1.94 630 38 45 39 45 23 267
20QBT_45CYC_.0D1_.4D2_4.qasm 180 112 68 7.51 0 0 180 112 45 32 249
20QBT_45CYC_.3D1_.4D2_9.qasm 450 224 226 3.67 270 96 180 128 45 39 266
20QBT_45CYC_.2D1_.1D2_4.qasm 225 72 153 0.80 180 36 45 37 45 18 261
20QBT_45CYC_.1D1_.2D2_8.qasm 180 104 76 2.01 90 36 90 68 45 21 260
20QBT_45CYC_.1D1_.1D2_8.qasm 135 55 80 0.53 90 20 45 35 45 20 261
20QBT_45CYC_.0D1_.8D2_0.qasm 360 222 138 16.29 0 0 360 222 45 45 263
20QBT_45CYC_.2D1_.6D2_4.qasm 450 274 176 6.73 180 82 270 192 45 42 264
20QBT_45CYC_.2D1_.5D2_3.qasm 405 222 183 4.91 180 72 225 150 45 39 267
20QBT_45CYC_.6D1_.2D2_5.qasm 630 154 476 2.85 540 74 90 80 45 33 268
20QBT_45CYC_.0D1_.7D2_6.qasm 315 204 111 12.50 0 0 315 204 45 43 261
20QBT_45CYC_.7D1_.1D2_6.qasm 675 66 609 1.75 630 35 45 31 45 21 268
20QBT_45CYC_.0D1_.4D2_6.qasm 180 97 83 7.25 0 0 180 97 45 29 249
20QBT_45CYC_.1D1_.5D2_9.qasm 315 208 107 6.50 90 58 225 150 45 35 259
20QBT_45CYC_.2D1_.1D2_3.qasm 225 75 150 0.97 180 38 45 37 45 28 260
20QBT_45CYC_.0D1_.5D2_8.qasm 225 158 67 9.10 0 0 225 158 45 38 253
20QBT_45CYC_.1D1_.6D2_2.qasm 360 230 130 8.58 90 49 270 181 45 42 260
20QBT_45CYC_.3D1_.2D2_8.qasm 360 140 220 2.27 270 66 90 73 45 25 265
20QBT_45CYC_.1D1_.6D2_0.qasm 360 240 120 6.90 90 58 270 182 45 42 260
20QBT_45CYC_.1D1_.3D2_3.qasm 225 149 76 2.22 90 50 135 99 45 28 260
20QBT_45CYC_.2D1_.3D2_4.qasm 315 166 149 2.50 180 65 135 102 45 33 263
20QBT_45CYC_.0D1_.5D2_7.qasm 225 151 74 10.76 0 0 225 151 45 35 253
20QBT_45CYC_.6D1_.1D2_2.qasm 585 84 501 1.99 540 46 45 38 45 25 267
20QBT_45CYC_.4D1_.3D2_9.qasm 495 170 325 3.33 360 76 135 95 45 28 266
20QBT_45CYC_.0D1_.2D2_4.qasm 90 56 34 2.27 0 0 90 56 45 18 244
20QBT_45CYC_.3D1_.3D2_5.qasm 405 179 226 2.72 270 79 135 100 45 33 262
20QBT_45CYC_.0D1_.2D2_7.qasm 90 53 37 1.50 0 0 90 53 45 22 244
20QBT_45CYC_.2D1_.1D2_2.qasm 225 55 170 0.70 180 22 45 32 45 19 260
20QBT_45CYC_.3D1_.5D2_4.qasm 495 283 212 4.49 270 112 225 171 45 42 266
20QBT_45CYC_.0D1_.1D2_8.qasm 45 22 23 0.10 0 0 45 22 45 14 241
20QBT_45CYC_.4D1_.1D2_7.qasm 405 73 332 1.26 360 38 45 35 45 17 262
20QBT_45CYC_.2D1_.4D2_6.qasm 360 203 157 4.06 180 68 180 135 45 42 265
20QBT_45CYC_.3D1_.5D2_2.qasm 495 266 229 5.09 270 90 225 176 45 41 265
20QBT_45CYC_.1D1_.1D2_6.qasm 135 68 67 0.52 90 34 45 34 45 17 261
20QBT_45CYC_.1D1_.2D2_2.qasm 180 90 90 1.69 90 29 90 61 45 21 260
20QBT_45CYC_.3D1_.1D2_0.qasm 315 81 234 1.07 270 40 45 41 45 27 263
20QBT_45CYC_.0D1_.7D2_2.qasm 315 182 133 14.62 0 0 315 182 45 44 261
20QBT_45CYC_.2D1_.3D2_2.qasm 315 147 168 2.58 180 56 135 91 45 27 264
20QBT_45CYC_.3D1_.5D2_1.qasm 495 281 214 4.02 270 103 225 178 45 41 266
20QBT_45CYC_.3D1_.1D2_8.qasm 315 71 244 0.96 270 39 45 32 45 24 261
20QBT_45CYC_.1D1_.6D2_8.qasm 360 234 126 7.79 90 58 270 176 45 37 260
20QBT_45CYC_.1D1_.5D2_3.qasm 315 225 90 4.39 90 58 225 167 45 40 259
20QBT_45CYC_.7D1_.1D2_8.qasm 675 63 612 1.74 630 32 45 30 45 17 267
20QBT_45CYC_.0D1_.7D2_5.qasm 315 188 127 13.47 0 0 315 188 45 42 263
20QBT_45CYC_.5D1_.1D2_6.qasm 495 50 445 1.39 450 22 45 28 45 14 266
20QBT_45CYC_.7D1_.1D2_5.qasm 675 76 599 1.83 630 41 45 35 45 15 267
20QBT_45CYC_.3D1_.5D2_9.qasm 495 262 233 4.47 270 104 225 158 45 41 265
20QBT_45CYC_.4D1_.1D2_4.qasm 405 73 332 1.19 360 36 45 37 45 22 263
20QBT_45CYC_.0D1_.8D2_2.qasm 360 203 157 15.14 0 0 360 203 45 46 264
20QBT_45CYC_.5D1_.2D2_2.qasm 540 137 403 2.21 450 61 90 75 45 32 266
20QBT_45CYC_.0D1_.5D2_4.qasm 225 145 80 9.12 0 0 225 145 45 38 252
20QBT_45CYC_.2D1_.6D2_5.qasm 450 270 180 4.55 180 94 270 176 45 43 263
20QBT_45CYC_.2D1_.1D2_7.qasm 225 77 148 0.83 180 37 45 39 45 29 260
20QBT_45CYC_.2D1_.2D2_6.qasm 270 122 148 1.80 180 50 90 72 45 28 265
20QBT_45CYC_.4D1_.1D2_0.qasm 405 67 338 1.29 360 32 45 36 45 21 264
20QBT_45CYC_.6D1_.1D2_6.qasm 585 58 527 1.65 540 29 45 29 45 18 267
20QBT_45CYC_.2D1_.5D2_5.qasm 405 266 139 5.21 180 84 225 182 45 41 264
20QBT_45CYC_.1D1_.5D2_4.qasm 315 200 115 6.15 90 42 225 158 45 41 259
20QBT_45CYC_.2D1_.6D2_3.qasm 450 281 169 5.99 180 87 270 194 45 44 263
20QBT_45CYC_.1D1_.2D2_7.qasm 180 108 72 1.26 90 43 90 65 45 28 260
20QBT_45CYC_.4D1_.1D2_5.qasm 405 72 333 1.30 360 32 45 40 45 23 264
20QBT_45CYC_.2D1_.4D2_3.qasm 360 214 146 4.50 180 76 180 138 45 38 266
20QBT_45CYC_.1D1_.1D2_0.qasm 135 68 67 0.59 90 30 45 38 45 25 263
20QBT_45CYC_.2D1_.4D2_0.qasm 360 221 139 2.98 180 85 180 136 45 39 266
20QBT_45CYC_.2D1_.5D2_4.qasm 405 236 169 5.09 180 72 225 164 45 40 266
20QBT_45CYC_.0D1_.7D2_1.qasm 315 192 123 12.59 0 0 315 192 45 44 261
20QBT_45CYC_.1D1_.7D2_4.qasm 405 252 153 8.21 90 56 315 196 45 41 264
20QBT_45CYC_.0D1_.4D2_3.qasm 180 94 86 7.31 0 0 180 94 45 29 248
20QBT_45CYC_.6D1_.1D2_9.qasm 585 75 510 1.88 540 39 45 37 45 24 267
20QBT_45CYC_.5D1_.2D2_0.qasm 540 156 384 2.42 450 73 90 83 45 32 266
20QBT_45CYC_.2D1_.3D2_3.qasm 315 165 150 2.54 180 70 135 95 45 30 264
20QBT_45CYC_.3D1_.3D2_7.qasm 405 187 218 2.74 270 77 135 110 45 35 264
20QBT_45CYC_.1D1_.3D2_8.qasm 225 136 89 3.32 90 40 135 96 45 29 260
20QBT_45CYC_.3D1_.2D2_3.qasm 360 147 213 1.84 270 68 90 79 45 27 265
20QBT_45CYC_.2D1_.2D2_0.qasm 270 118 152 1.84 180 48 90 69 45 27 261
20QBT_45CYC_.1D1_.7D2_6.qasm 405 280 125 9.12 90 62 315 218 45 46 266
20QBT_45CYC_.4D1_.2D2_8.qasm 450 136 314 2.55 360 60 90 76 45 31 264
20QBT_45CYC_.2D1_.6D2_9.qasm 450 253 197 5.98 180 78 270 175 45 41 267
20QBT_45CYC_.4D1_.3D2_8.qasm 495 177 318 3.50 360 79 135 98 45 28 267
20QBT_45CYC_.2D1_.2D2_2.qasm 270 95 175 1.89 180 36 90 59 45 23 263
20QBT_45CYC_.0D1_.3D2_5.qasm 135 77 58 4.96 0 0 135 77 45 20 246
20QBT_45CYC_.5D1_.1D2_2.qasm 495 73 422 1.49 450 40 45 33 45 24 266
20QBT_45CYC_.0D1_.3D2_8.qasm 135 84 51 4.83 0 0 135 84 45 25 246
20QBT_45CYC_.1D1_.1D2_4.qasm 135 59 76 0.62 90 26 45 33 45 16 261
20QBT_45CYC_.1D1_.7D2_9.qasm 405 297 108 8.21 90 66 315 231 45 44 264
20QBT_45CYC_.3D1_.4D2_1.qasm 450 214 236 3.52 270 89 180 125 45 33 266
20QBT_45CYC_.5D1_.3D2_9.qasm 585 188 397 3.73 450 80 135 108 45 40 269
20QBT_45CYC_.7D1_.1D2_7.qasm 675 69 606 1.95 630 35 45 34 45 19 268
20QBT_45CYC_.4D1_.2D2_5.qasm 450 118 332 2.30 360 48 90 70 45 31 263
20QBT_45CYC_.1D1_.4D2_2.qasm 270 177 93 3.22 90 54 180 123 45 34 260
20QBT_45CYC_.3D1_.3D2_3.qasm 405 204 201 2.79 270 91 135 113 45 34 266
20QBT_45CYC_.4D1_.3D2_5.qasm 495 192 303 2.99 360 85 135 107 45 35 267
20QBT_45CYC_.1D1_.6D2_5.qasm 360 232 128 5.57 90 54 270 178 45 38 261
20QBT_45CYC_.0D1_.4D2_8.qasm 180 128 52 5.95 0 0 180 128 45 34 248
20QBT_45CYC_.0D1_.8D2_4.qasm 360 208 152 15.73 0 0 360 208 45 45 267
20QBT_45CYC_.0D1_.1D2_2.qasm 45 23 22 0.24 0 0 45 23 45 15 240
20QBT_45CYC_.0D1_.4D2_5.qasm 180 111 69 5.12 0 0 180 111 45 27 249
20QBT_45CYC_.2D1_.6D2_0.qasm 450 269 181 5.66 180 89 270 180 45 42 263
20QBT_45CYC_.3D1_.1D2_7.qasm 315 81 234 0.95 270 44 45 37 45 23 262
20QBT_45CYC_.5D1_.1D2_1.qasm 495 65 430 1.59 450 32 45 33 45 24 267
20QBT_45CYC_.2D1_.1D2_1.qasm 225 76 149 0.85 180 34 45 42 45 25 261
20QBT_45CYC_.1D1_.4D2_7.qasm 270 193 77 4.24 90 51 180 142 45 41 260
20QBT_45CYC_.1D1_.6D2_3.qasm 360 243 117 7.46 90 60 270 183 45 44 260
20QBT_45CYC_.4D1_.1D2_3.qasm 405 71 334 1.26 360 32 45 39 45 21 263
20QBT_45CYC_.0D1_.1D2_6.qasm 45 19 26 0.08 0 0 45 19 45 13 241
20QBT_45CYC_.3D1_.2D2_7.qasm 360 151 209 1.62 270 67 90 84 45 24 263
20QBT_45CYC_.6D1_.1D2_0.qasm 585 79 506 1.81 540 42 45 37 45 19 268
20QBT_45CYC_.1D1_.1D2_1.qasm 135 82 53 0.50 90 42 45 40 45 22 262
20QBT_45CYC_.7D1_.1D2_3.qasm 675 69 606 2.13 630 34 45 36 45 22 267
20QBT_45CYC_.4D1_.1D2_2.qasm 405 78 327 1.33 360 36 45 42 45 23 263
20QBT_45CYC_.3D1_.3D2_8.qasm 405 200 205 2.20 270 86 135 114 45 35 264
20QBT_45CYC_.7D1_.1D2_4.qasm 675 67 608 2.15 630 35 45 32 45 20 267
20QBT_45CYC_.0D1_.6D2_3.qasm 270 179 91 13.97 0 0 270 179 45 37 254
20QBT_45CYC_.2D1_.3D2_6.qasm 315 165 150 2.47 180 69 135 96 45 31 263
20QBT_45CYC_.0D1_.8D2_7.qasm 360 197 163 13.80 0 0 360 197 45 43 267
20QBT_45CYC_.3D1_.5D2_3.qasm 495 260 235 4.95 270 90 225 171 45 41 265
20QBT_45CYC_.5D1_.2D2_8.qasm 540 140 400 2.27 450 62 90 78 45 29 268
20QBT_45CYC_.4D1_.4D2_5.qasm 540 236 304 4.74 360 93 180 143 45 40 270
20QBT_45CYC_.5D1_.2D2_6.qasm 540 140 400 2.58 450 63 90 77 45 31 269
20QBT_45CYC_.6D1_.2D2_6.qasm 630 159 471 2.55 540 78 90 81 45 31 269
20QBT_45CYC_.0D1_.1D2_0.qasm 45 23 22 0.09 0 0 45 23 45 15 239
20QBT_45CYC_.0D1_.1D2_9.qasm 45 13 32 0.04 0 0 45 13 45 8 241
20QBT_45CYC_.4D1_.4D2_1.qasm 540 233 307 4.23 360 90 180 143 45 37 268
20QBT_45CYC_.3D1_.2D2_4.qasm 360 138 222 2.24 270 62 90 75 45 28 264
20QBT_45CYC_.6D1_.1D2_5.qasm 585 78 507 1.68 540 37 45 41 45 26 266
20QBT_45CYC_.4D1_.3D2_7.qasm 495 180 315 3.37 360 76 135 104 45 31 266
20QBT_45CYC_.3D1_.4D2_6.qasm 450 251 199 3.55 270 105 180 146 45 39 265
20QBT_45CYC_.3D1_.1D2_1.qasm 315 81 234 1.12 270 42 45 39 45 29 262
20QBT_45CYC_.2D1_.4D2_2.qasm 360 230 130 5.16 180 81 180 149 45 38 265
20QBT_45CYC_.2D1_.4D2_7.qasm 360 210 150 4.03 180 76 180 135 45 43 268
20QBT_45CYC_.0D1_.6D2_6.qasm 270 144 126 10.12 0 0 270 144 45 36 255
20QBT_45CYC_.1D1_.7D2_0.qasm 405 297 108 7.73 90 58 315 239 45 46 260
20QBT_45CYC_.1D1_.2D2_9.qasm 180 102 78 1.46 90 29 90 72 45 26 260
20QBT_45CYC_.6D1_.1D2_7.qasm 585 66 519 1.63 540 33 45 33 45 16 267
20QBT_45CYC_.4D1_.2D2_6.qasm 450 147 303 2.18 360 69 90 78 45 31 264
20QBT_45CYC_.3D1_.4D2_4.qasm 450 232 218 4.10 270 90 180 142 45 39 264
20QBT_45CYC_.1D1_.1D2_7.qasm 135 59 76 0.60 90 26 45 33 45 20 261
20QBT_45CYC_.4D1_.1D2_1.qasm 405 88 317 1.18 360 46 45 42 45 30 264
20QBT_45CYC_.4D1_.1D2_6.qasm 405 73 332 1.25 360 36 45 37 45 19 263
20QBT_45CYC_.1D1_.5D2_2.qasm 315 210 105 4.88 90 47 225 164 45 39 259
20QBT_45CYC_.4D1_.2D2_2.qasm 450 128 322 2.25 360 52 90 76 45 27 264
20QBT_45CYC_.5D1_.1D2_0.qasm 495 89 406 1.80 450 48 45 41 45 28 268
20QBT_45CYC_.1D1_.6D2_1.qasm 360 220 140 7.52 90 44 270 176 45 41 260
20QBT_45CYC_.0D1_.3D2_1.qasm 135 87 48 4.14 0 0 135 87 45 22 247
20QBT_45CYC_.4D1_.2D2_0.qasm 450 154 296 2.19 360 75 90 79 45 28 265
20QBT_45CYC_.6D1_.2D2_8.qasm 630 150 480 3.05 540 71 90 79 45 37 269
20QBT_45CYC_.0D1_.2D2_1.qasm 90 51 39 1.91 0 0 90 51 45 15 243
20QBT_45CYC_.1D1_.7D2_3.qasm 405 257 148 8.11 90 50 315 207 45 42 264
20QBT_45CYC_.2D1_.1D2_9.qasm 225 76 149 0.77 180 40 45 35 45 24 261
20QBT_45CYC_.0D1_.7D2_3.qasm 315 190 125 15.08 0 0 315 190 45 45 260
20QBT_45CYC_.0D1_.7D2_9.qasm 315 181 134 14.79 0 0 315 181 45 38 260
20QBT_45CYC_.6D1_.2D2_9.qasm 630 138 492 2.33 540 67 90 71 45 29 269
20QBT_45CYC_.1D1_.3D2_7.qasm 225 151 74 3.30 90 54 135 96 45 29 260
20QBT_45CYC_.5D1_.1D2_4.qasm 495 62 433 1.51 450 28 45 33 45 22 266
20QBT_45CYC_.3D1_.5D2_5.qasm 495 265 230 4.59 270 105 225 160 45 38 267
20QBT_45CYC_.3D1_.4D2_3.qasm 450 201 249 4.23 270 82 180 120 45 32 265
20QBT_45CYC_.1D1_.2D2_3.qasm 180 105 75 1.26 90 40 90 65 45 19 260
20QBT_45CYC_.5D1_.1D2_7.qasm 495 81 414 1.54 450 39 45 42 45 29 266
20QBT_45CYC_.1D1_.7D2_8.qasm 405 274 131 7.31 90 57 315 217 45 44 266
20QBT_45CYC_.4D1_.4D2_8.qasm 540 244 296 4.90 360 104 180 140 45 41 271
20QBT_45CYC_.2D1_.1D2_5.qasm 225 64 161 0.81 180 31 45 33 45 17 260
20QBT_45CYC_.1D1_.4D2_0.qasm 270 163 107 3.61 90 48 180 115 45 34 260
20QBT_45CYC_.1D1_.5D2_6.qasm 315 201 114 6.00 90 42 225 159 45 39 259
20QBT_45CYC_.4D1_.4D2_2.qasm 540 246 294 3.98 360 102 180 145 45 39 270
20QBT_45CYC_.1D1_.4D2_5.qasm 270 169 101 4.73 90 44 180 125 45 33 260
20QBT_45CYC_.0D1_.3D2_3.qasm 135 87 48 4.27 0 0 135 87 45 22 247
20QBT_45CYC_.1D1_.1D2_2.qasm 135 56 79 0.52 90 28 45 28 45 18 262
20QBT_45CYC_.2D1_.5D2_2.qasm 405 243 162 5.22 180 84 225 159 45 40 267
20QBT_45CYC_.4D1_.2D2_3.qasm 450 126 324 2.28 360 57 90 68 45 33 263
20QBT_45CYC_.0D1_.7D2_0.qasm 315 176 139 11.38 0 0 315 176 45 42 262
20QBT_45CYC_.1D1_.4D2_3.qasm 270 168 102 4.69 90 41 180 127 45 33 260
20QBT_45CYC_.2D1_.4D2_9.qasm 360 183 177 5.13 180 65 180 118 45 35 267
20QBT_45CYC_.0D1_.4D2_2.qasm 180 93 87 6.86 0 0 180 93 45 25 248
20QBT_45CYC_.2D1_.2D2_1.qasm 270 130 140 2.30 180 54 90 76 45 29 262
20QBT_45CYC_.0D1_.2D2_9.qasm 90 42 48 1.60 0 0 90 42 45 15 245
20QBT_45CYC_.1D1_.3D2_1.qasm 225 145 80 3.01 90 43 135 102 45 27 260
20QBT_45CYC_.0D1_.6D2_0.qasm 270 150 120 11.74 0 0 270 150 45 36 255
20QBT_45CYC_.0D1_.6D2_7.qasm 270 165 105 10.50 0 0 270 165 45 40 255
20QBT_45CYC_.0D1_.6D2_2.qasm 270 162 108 10.58 0 0 270 162 45 38 255
20QBT_45CYC_.1D1_.2D2_5.qasm 180 106 74 1.40 90 36 90 70 45 26 260
20QBT_45CYC_.4D1_.1D2_9.qasm 405 60 345 1.31 360 28 45 32 45 14 262
20QBT_45CYC_.1D1_.3D2_5.qasm 225 150 75 2.25 90 46 135 104 45 29 260
20QBT_45CYC_.0D1_.3D2_2.qasm 135 81 54 4.30 0 0 135 81 45 26 247
20QBT_45CYC_.1D1_.4D2_4.qasm 270 173 97 4.12 90 52 180 121 45 32 261
20QBT_45CYC_.1D1_.7D2_2.qasm 405 242 163 8.64 90 51 315 191 45 46 264
20QBT_45CYC_.3D1_.1D2_6.qasm 315 55 260 0.93 270 24 45 30 45 16 262
20QBT_45CYC_.0D1_.8D2_5.qasm 360 206 154 14.21 0 0 360 206 45 45 265
20QBT_45CYC_.6D1_.2D2_0.qasm 630 133 497 2.53 540 64 90 70 45 28 267
20QBT_45CYC_.0D1_.7D2_4.qasm 315 183 132 14.75 0 0 315 183 45 37 260
20QBT_45CYC_.6D1_.1D2_4.qasm 585 62 523 1.71 540 29 45 32 45 27 266
20QBT_45CYC_.3D1_.2D2_0.qasm 360 121 239 2.20 270 53 90 67 45 25 263
20QBT_45CYC_.0D1_.1D2_7.qasm 45 21 24 0.12 0 0 45 21 45 10 241
20QBT_45CYC_.5D1_.3D2_0.qasm 585 196 389 3.36 450 85 135 111 45 36 267
20QBT_45CYC_.4D1_.3D2_6.qasm 495 188 307 2.55 360 83 135 105 45 37 266
20QBT_45CYC_.4D1_.3D2_4.qasm 495 190 305 3.38 360 84 135 106 45 29 268
20QBT_45CYC_.3D1_.3D2_1.qasm 405 178 227 2.63 270 76 135 102 45 32 264
20QBT_45CYC_.2D1_.6D2_8.qasm 450 270 180 7.01 180 78 270 192 45 44 262
20QBT_45CYC_.3D1_.4D2_0.qasm 450 240 210 3.21 270 98 180 142 45 35 264
20QBT_45CYC_.6D1_.2D2_1.qasm 630 143 487 2.53 540 66 90 77 45 30 267
20QBT_45CYC_.5D1_.2D2_4.qasm 540 136 404 2.25 450 65 90 71 45 28 267
20QBT_45CYC_.2D1_.2D2_8.qasm 270 120 150 1.86 180 48 90 72 45 25 266
20QBT_45CYC_.4D1_.4D2_0.qasm 540 235 305 4.20 360 93 180 143 45 41 266
20QBT_45CYC_.4D1_.2D2_9.qasm 450 153 297 2.47 360 68 90 85 45 35 265
20QBT_45CYC_.2D1_.5D2_1.qasm 405 245 160 4.05 180 78 225 167 45 40 266
20QBT_45CYC_.5D1_.1D2_8.qasm 495 68 427 1.42 450 36 45 32 45 18 266
20QBT_45CYC_.2D1_.3D2_8.qasm 315 186 129 2.23 180 74 135 112 45 31 263
20QBT_45CYC_.0D1_.5D2_2.qasm 225 122 103 9.49 0 0 225 122 45 32 252
20QBT_45CYC_.3D1_.1D2_5.qasm 315 78 237 1.06 270 43 45 35 45 20 261
20QBT_45CYC_.0D1_.5D2_5.qasm 225 129 96 8.25 0 0 225 129 45 29 252
20QBT_45CYC_.3D1_.4D2_2.qasm 450 225 225 3.67 270 88 180 137 45 39 264
20QBT_45CYC_.3D1_.3D2_0.qasm 405 194 211 3.13 270 88 135 105 45 35 266
20QBT_45CYC_.3D1_.4D2_5.qasm 450 209 241 3.92 270 75 180 134 45 37 265
20QBT_45CYC_.2D1_.4D2_1.qasm 360 226 134 3.71 180 84 180 142 45 38 268
20QBT_45CYC_.1D1_.6D2_9.qasm 360 221 139 6.74 90 54 270 167 45 37 260
20QBT_45CYC_.3D1_.2D2_9.qasm 360 117 243 1.69 270 53 90 64 45 22 264
20QBT_45CYC_.5D1_.3D2_5.qasm 585 218 367 3.39 450 98 135 119 45 37 271
20QBT_45CYC_.1D1_.2D2_6.qasm 180 97 83 1.62 90 38 90 59 45 20 260
20QBT_45CYC_.3D1_.1D2_4.qasm 315 76 239 0.99 270 42 45 34 45 23 261
20QBT_45CYC_.4D1_.3D2_0.qasm 495 186 309 3.78 360 80 135 106 45 32 266
20QBT_45CYC_.6D1_.1D2_8.qasm 585 85 500 1.72 540 44 45 41 45 25 267
20QBT_45CYC_.2D1_.5D2_8.qasm 405 252 153 5.42 180 80 225 171 45 41 264
20QBT_45CYC_.6D1_.1D2_3.qasm 585 78 507 1.93 540 42 45 36 45 22 266
20QBT_45CYC_.6D1_.2D2_7.qasm 630 144 486 2.71 540 66 90 77 45 33 269
20QBT_45CYC_.0D1_.8D2_8.qasm 360 201 159 13.77 0 0 360 201 45 45 267
20QBT_45CYC_.6D1_.2D2_4.qasm 630 142 488 2.69 540 70 90 72 45 25 268
20QBT_45CYC_.4D1_.2D2_4.qasm 450 144 306 2.10 360 67 90 77 45 30 264
20QBT_45CYC_.0D1_.2D2_2.qasm 90 59 31 2.27 0 0 90 59 45 21 243
20QBT_45CYC_.0D1_.1D2_3.qasm 45 22 23 0.06 0 0 45 22 44 18 240
20QBT_45CYC_.2D1_.5D2_9.qasm 405 250 155 5.11 180 83 225 167 45 43 262
20QBT_45CYC_.4D1_.1D2_8.qasm 405 62 343 1.32 360 26 45 36 45 25 263
20QBT_45CYC_.1D1_.3D2_2.qasm 225 146 79 2.22 90 47 135 99 45 29 260
20QBT_45CYC_.0D1_.8D2_1.qasm 360 194 166 13.79 0 0 360 194 45 40 265
20QBT_45CYC_.5D1_.1D2_5.qasm 495 84 411 1.59 450 45 45 39 45 24 266
20QBT_45CYC_.0D1_.5D2_9.qasm 225 132 93 9.93 0 0 225 132 45 32 253
20QBT_45CYC_.2D1_.3D2_0.qasm 315 163 152 2.53 180 64 135 100 45 31 266
20QBT_45CYC_.0D1_.1D2_4.qasm 45 28 17 0.14 0 0 45 28 45 20 240
20QBT_45CYC_.5D1_.3D2_3.qasm 585 185 400 3.78 450 77 135 108 45 32 270
20QBT_45CYC_.2D1_.3D2_9.qasm 315 153 162 2.47 180 57 135 96 45 31 265
20QBT_45CYC_.3D1_.2D2_5.qasm 360 139 221 2.07 270 61 90 78 45 28 263
20QBT_45CYC_.5D1_.2D2_1.qasm 540 123 417 2.55 450 60 90 63 45 32 267
